0.94 0.94 0.94 0.94 0 0 0 0.94 0.94 0 0.94 0.94 0
0.92 0.92 0.92 0.92 0.94 0.92 0.92 0.92 0.92 0.92 0.92 0.92 0.92
0.94 0.94 0.94 0 0 0.94 0 0.94 0 0.94 0.94 0.94 0
0.94 0.94 0.94 0 0 0.94 0 0.94 0 0 0.94 0.94 0
0.92 0.92 0.92 0 0.92 0.92 0.92 0.92 0.92 0.92 0.92 0.92 0.92
0.94 0.94 0.94 0 0 0.94 0 0.94 0 0.94 0.94 0.94 0
0.94 0.94 0.94 0 0 0.94 0 0.94 0 0.94 0.94 0.94 0
0.94 0.94 0.94 0 0 0.94 0 0.94 0 0.94 0.94 0.94 0
0.94 0.94 0.94 0 0 0.94 0 0.94 0 0.94 0.94 0.94 0
0.94 0.94 0.94 0 0 0.94 0 0.94 0 0 0.94 0.94 0
0.94 0.94 0.94 0 0 0.94 0 0.94 0 0.94 0.94 0.94 0
0.92 0.92 0.92 0 0 0.92 0 0.92 0 0.92 0.92 0.92 0
0 0 0.92 0 0 0.92 0 0 0 0 0 0.92 0
0 0 0.92 0 0 0.92 0 0.92 0 0 0 0.92 0
0.94 0.94 0.94 0 0 0.94 0 0.94 0 0.94 0.94 0.94 0
0.94 0.94 0.94 0 0.94 0.94 0.94 0.94 0 0.94 0.94 0.94 0.94
0.94 0.94 0.94 0 0 0.94 0 0.94 0 0.94 0.94 0.94 0
0 0.94 0.94 0 0 0.94 0 0.94 0 0.94 0 0.94 0
0.94 0.94 0.94 0 0 0.94 0 0.94 0 0.94 0.94 0.94 0
0 0.94 0.94 0 0 0.94 0 0.94 0 0 0 0.94 0
0.94 0.94 0.94 0 0 0.94 0 0.94 0 0.94 0.94 0.94 0
0.94 0 0.94 0 0 0.94 0 0 0 0 0 0.94 0
0 0 0.94 0 0 0.94 0 0 0 0 0 0.94 0
0 0 0 0 0 0.94 0 0 0 0 0 0 0
0 0 0.94 0 0 0.94 0.94 0 0 0.94 0 0.94 0
0.94 0.94 0.94 0 0 0.94 0 0.94 0 0.94 0.94 0.94 0
0.94 0.94 0.94 0 0 0.94 0 0.94 0 0.94 0.94 0.94 0
0.94 0.94 0.94 0 0 0.94 0 0.94 0 0.94 0.94 0.94 0
0.94 0.94 0.94 0 0 0.94 0 0.94 0 0.94 0.94 0.94 0
0.94 0.94 0.94 0 0 0.94 0 0.94 0 0 0.94 0.94 0
0.92 0.92 0.92 0 0 0.92 0 0.92 0 0.92 0.92 0.92 0
0.94 0.94 0.94 0 0 0.94 0 0.94 0 0.94 0.94 0.94 0
0.94 0 0.94 0 0 0.94 0 0.94 0 0 0 0.94 0
0.94 0 0.94 0 0 0.94 0 0.94 0 0 0.94 0.94 0
0.94 0.94 0.94 0 0 0.94 0 0.94 0 0.94 0.94 0.94 0
0.94 0.94 0.94 0 0.94 0.94 0 0.94 0.94 0 0.94 0.94 0
0.94 0.94 0.94 0 0 0.94 0 0.94 0 0.94 0.94 0.94 0
0 0.94 0.94 0 0 0.94 0 0.94 0 0 0.94 0.94 0
0.94 0.94 0.94 0 0 0.94 0 0.94 0 0.94 0.94 0.94 0
0.94 0.94 0.94 0 0 0.94 0 0.94 0 0.94 0.94 0.94 0
0.94 0.94 0.94 0 0 0.94 0 0.94 0 0.94 0.94 0.94 0
0.94 0.94 0.94 0 0 0.94 0 0.94 0 0.94 0.94 0.94 0
0.94 0.94 0.94 0 0 0.94 0 0.94 0 0.94 0.94 0.94 0
0.94 0.94 0.94 0 0 0.94 0 0.94 0 0.94 0.94 0.94 0
0.94 0.94 0.94 0 0 0.94 0 0.94 0 0.94 0.94 0.94 0
0.94 0.94 0.94 0 0 0.94 0 0.94 0 0 0.94 0.94 0
0.9 0.92 0.9 0.92 0.92 0.9 0.9 0.9 0.92 0.9 0.92 0.9 0.9
0.92 0.94 0.9 0.94 0.94 0.9 0.9 0.92 0.94 0.9 0.94 0.9 0.92
0.94 0.9 0.94 0.9 0.94 0.94 0.94 0.9 0.9 0.94 0.9 0.94 0.94
0 0.94 0 0.94 0.94 0 0 0 0.94 0 0.94 0 0
0 0.94 0 0.94 0.94 0 0 0 0.94 0 0.94 0 0
0 0.94 0 0.94 0.94 0 0 0 0.94 0 0.94 0 0
0.92 0.94 0.92 0.94 0.94 0.92 0.92 0.92 0.94 0.92 0.94 0.92 0.92
0.92 0.94 0.9 0.94 0.94 0.9 0.9 0.92 0.94 0.9 0.94 0.9 0.92
0.92 0.94 0.92 0.94 0.94 0.92 0.92 0.92 0.94 0.92 0.94 0.92 0.92
0.9 0.9 0.9 0.9 0.92 0.92 0.92 0.9 0.9 0.92 0.9 0.9 0.92
0.94 0.9 0.9 0.9 0.94 0.94 0.94 0.9 0.9 0.94 0.9 0.94 0.94
0.94 0.94 0 0.94 0.94 0 0 0.94 0.94 0 0.94 0 0.94
0 0 0.94 0 0.94 0.94 0.94 0 0 0.94 0 0.94 0.94
0.92 0.92 0.94 0.92 0.92 0.94 0.94 0.92 0.92 0.94 0.92 0.94 0.92
0.9 0.9 0.94 0.9 0.9 0.94 0.94 0.9 0.9 0.94 0.9 0.94 0.9
0.94 0.94 0 0.94 0.94 0 0 0.94 0.94 0 0.94 0 0.94
0.92 0.92 0.94 0.92 0.92 0.94 0.94 0.92 0.92 0.94 0.92 0.94 0.92
0.94 0 0.94 0 0 0.94 0.94 0 0 0.94 0 0.94 0.94
0.92 0.92 0.92 0.94 0.94 0.92 0.94 0.92 0.94 0.92 0.92 0.92 0.94
0.94 0 0 0.94 0.94 0 0.94 0 0.94 0.94 0.94 0 0.94
0 0 0 0.94 0.94 0 0.94 0 0.94 0 0 0 0.94
0.92 0.92 0.92 0.94 0.94 0.92 0.94 0.92 0.94 0.92 0.92 0.92 0.94
0.94 0.94 0.94 0.92 0.94 0.94 0.94 0.94 0.94 0.94 0.94 0.94 0.94
0.94 0 0.94 0 0 0.94 0.94 0 0 0.94 0 0.94 0.94
0 0.92 0 0.92 0.92 0 0.92 0 0.92 0 0.92 0 0.92
0.92 0.92 0.9 0.92 0.9 0.9 0.9 0.92 0.92 0.9 0.92 0.9 0.9
0.94 0.94 0 0.94 0.94 0 0 0.94 0.94 0 0.94 0 0.94
0 0 0.92 0 0 0.92 0.92 0 0 0.92 0 0.92 0
0.94 0 0.94 0 0 0.94 0.94 0.94 0 0.94 0 0.94 0
0.94 0 0 0 0.94 0.94 0.94 0 0.94 0.94 0 0.94 0.94
0.94 0 0.94 0 0 0.94 0.94 0.94 0 0.94 0 0.94 0.94
0.94 0 0.94 0 0 0.94 0.94 0.94 0 0.94 0 0.94 0.94
0.94 0 0.94 0 0 0.94 0.94 0.94 0 0.94 0 0.94 0.94
0 0 0.94 0 0 0.94 0.94 0 0 0.94 0 0.94 0
0.94 0 0.94 0 0 0.94 0.94 0.94 0 0.94 0 0.94 0.94
0.94 0.94 0.94 0.94 0.94 0.92 0.92 0.94 0.94 0.92 0.94 0.92 0.94
0 0.94 0 0.94 0 0 0 0.94 0 0 0.94 0 0
0.94 0.94 0.94 0.88 0.88 0.94 0.94 0.94 0.88 0.94 0.94 0.94 0.94
0.94 0 0.94 0 0 0.94 0.94 0.94 0 0.94 0 0.94 0.94
0.94 0.94 0.94 0 0 0.94 0 0.94 0 0.94 0.94 0.94 0
0 0 0 0 0 0.86 0 0 0 0 0 0.86 0
0.92 0.94 0.94 0.94 0.92 0.92 0.92 0.94 0.94 0.92 0.94 0.92 0.92
0.84 0.9 0.84 0.9 0.84 0.84 0.84 0.84 0.84 0.84 0.9 0.84 0.84
0.88 0.82 0.86 0.82 0.82 0.86 0.82 0.88 0.82 0.86 0.82 0.86 0.82
0.88 0.86 0.88 0.86 0.88 0.88 0.88 0.88 0.88 0.88 0.86 0.88 0.88
0.84 0.84 0.84 0 0 0.84 0 0.84 0.84 0.84 0.84 0.84 0
0 0.9 0 0.9 0.9 0 0 0 0.9 0 0.9 0 0
0.82 0.84 0.84 0.84 0.88 0.88 0.88 0.84 0.82 0.88 0.84 0.82 0.88
0.9 0.92 0.92 0.92 0.9 0.92 0.9 0.92 0.9 0.9 0.92 0.92 0.9
0.94 0.94 0.86 0.94 0.94 0.86 0 0.94 0.94 0.86 0.94 0.86 0.94
0.92 0.94 0.94 0.94 0.92 0.92 0.92 0.94 0.92 0.92 0.94 0.92 0.92
0 0 0 0 0.04 0 0.04 0 0 0.04 0 0 0.04
0.94 0.94 0.94 0.92 0.94 0.94 0 0.94 0.94 0.94 0.94 0.94 0.94
0.94 0.94 0.94 0 0 0.94 0.94 0.94 0 0.94 0.94 0.94 0.94
0.94 0.94 0.94 0.94 0 0.94 0.94 0.94 0 0.94 0.94 0.94 0.94
0.92 0.94 0.94 0.94 0.94 0.92 0.94 0.94 0.94 0.92 0.94 0.92 0.94
0.92 0.94 0.94 0.94 0.92 0.92 0.92 0.94 0.92 0.92 0.94 0.92 0.92
0.92 0.94 0.92 0.94 0.94 0.92 0.92 0.92 0.94 0.92 0.94 0.92 0.92
0.88 0.94 0.88 0.94 0.94 0.88 0.88 0.88 0.94 0.88 0.94 0.88 0.88
0.92 0.9 0.92 0.9 0.9 0.92 0.92 0.92 0.9 0.92 0.9 0.92 0.92
0.86 0.88 0.88 0.88 0.92 0.92 0.92 0.88 0.86 0.92 0.88 0.86 0.92
0.88 0.92 0.92 0.92 0.88 0 0.88 0.92 0.88 0.88 0.92 0.88 0.88
0.92 0.92 0.92 0.88 0.92 0.92 0.92 0.92 0.92 0.92 0.88 0.92 0.92
0.86 0.86 0.92 0.86 0.86 0.92 0.92 0.92 0.86 0.92 0.86 0.92 0.86
0.9 0.92 0.92 0.92 0.9 0.9 0.9 0.92 0.9 0.9 0.92 0.9 0.9
0 0.92 0 0 0 0 0 0.92 0 0 0 0 0
0.94 0.94 0.92 0.94 0.94 0.94 0.94 0.94 0.94 0.94 0.94 0.94 0.94
0.92 0.94 0.94 0.94 0.92 0.92 0.92 0.94 0.92 0.92 0.94 0.92 0.92
0.9 0.92 0.92 0.92 0.9 0.9 0.9 0.92 0.9 0.9 0.92 0.9 0.9
0.92 0.94 0.94 0.94 0.92 0.92 0.92 0.94 0.92 0.92 0.94 0.92 0.92
0.92 0.92 0.92 0.92 0.94 0.94 0.94 0.92 0.92 0.94 0.92 0.92 0.94
0.92 0.94 0.94 0.94 0.92 0.92 0.92 0.94 0.92 0.92 0.94 0.92 0.92
0.92 0.94 0.94 0.94 0.92 0.92 0.92 0.94 0.92 0.92 0.94 0.92 0.92
0.94 0.94 0.94 0.94 0.94 0.92 0.94 0.94 0.94 0.92 0.94 0.92 0.94
0.94 0.94 0.94 0.94 0.94 0.92 0.94 0.94 0.94 0.92 0.94 0.9 0.94
0.94 0.94 0.94 0.94 0.94 0.92 0.94 0.94 0.94 0.92 0.94 0.9 0.94
0.94 0.94 0.94 0.92 0.94 0.92 0.94 0.94 0.94 0.92 0.94 0.92 0.94
0 0 0 0 0 0 0.92 0 0 0 0 0 0.92
0.92 0.94 0.94 0.94 0.92 0.92 0.92 0.94 0.94 0.92 0.94 0.92 0.92
0.94 0 0 0 0 0.94 0.94 0 0 0.94 0 0.94 0.94
0.92 0.92 0.94 0.92 0.92 0.92 0.92 0.92 0.92 0.92 0.92 0.92 0.92
0.94 0.94 0 0.94 0.94 0 0 0.94 0.94 0 0.94 0 0.94
0.92 0.94 0.94 0.94 0.92 0.92 0.92 0.94 0.92 0.92 0.94 0.92 0.92
0 0 0 0 0.88 0 0 0 0 0 0 0 0
0 0.94 0 0.94 0.94 0 0.94 0 0.94 0 0.94 0 0.94
0.92 0.92 0.92 0.88 0.88 0.92 0.88 0.92 0 0.92 0.92 0.92 0.88
0.94 0.94 0.94 0.86 0.86 0.94 0.86 0.94 0.86 0.94 0.94 0.94 0.86
0.94 0.88 0.94 0.94 0.94 0.94 0.94 0.94 0.94 0.94 0.94 0.94 0.94
0.94 0.94 0.94 0.9 0.94 0.94 0.9 0.94 0.9 0.94 0.94 0.94 0.94
0.92 0.94 0.94 0.92 0.92 0.92 0.92 0.94 0.92 0.92 0.92 0.92 0.92
0.94 0.92 0.92 0.94 0.94 0.92 0.94 0.92 0.94 0.94 0.94 0.92 0.94
0 0 0.94 0 0.9 0.94 0.94 0 0 0.94 0 0.94 0.9
0.94 0 0.94 0 0.94 0.94 0.94 0.94 0.94 0.94 0 0.94 0.94
0.88 0.94 0.88 0.94 0.88 0.88 0.88 0.94 0.88 0.88 0.94 0.88 0.88
0.94 0.94 0.94 0.94 0.92 0.92 0.92 0.94 0.94 0.92 0.94 0.92 0.92
0.86 0 0.94 0 0.86 0.94 0.94 0 0 0.94 0 0.94 0.86
0.9 0.9 0 0.9 0.9 0 0.9 0.9 0.9 0.9 0.9 0 0.9
0.92 0.94 0.94 0.94 0.92 0.92 0.92 0.94 0.92 0.92 0.94 0.92 0.92
0.92 0.94 0.94 0.94 0 0 0 0.94 0.92 0 0.94 0.92 0
0.92 0.92 0.94 0.92 0.92 0.94 0.94 0.92 0.92 0.94 0.92 0.94 0.92
0 0 0 0.94 0 0 0 0 0 0 0.94 0 0
0.92 0.94 0.94 0.94 0.92 0.92 0.92 0.94 0.92 0.92 0.94 0.92 0.92
0.92 0.94 0.94 0.94 0.92 0.92 0.92 0.94 0.92 0.92 0.94 0.92 0.92
0 0.88 0 0.88 0 0 0 0 0 0 0.88 0 0
0.92 0.94 0.94 0.94 0.92 0.92 0.92 0.94 0.92 0.92 0.94 0.92 0.92
0.94 0.94 0.94 0.94 0 0.94 0 0.94 0.94 0.94 0.94 0.94 0
0.94 0.94 0.94 0 0.94 0.94 0.94 0.94 0.94 0.94 0.94 0.94 0.94
0.92 0.92 0.94 0.92 0.92 0.92 0.92 0.94 0.92 0.92 0.92 0.92 0.92
0.94 0.94 0.94 0.94 0.88 0.94 0.88 0.94 0.94 0.94 0.94 0.94 0.88
0.94 0.94 0.94 0.92 0.94 0.94 0.94 0.94 0.94 0.94 0.94 0.94 0.94
0.92 0.92 0.94 0.92 0.92 0.92 0.92 0.94 0.92 0.92 0.92 0.92 0.92
0.92 0.94 0.94 0.94 0.92 0.92 0.92 0.94 0.92 0.92 0.94 0.92 0.92
0.92 0.92 0.94 0.92 0.92 0.92 0.92 0.92 0.92 0.92 0.92 0.92 0.92
0.94 0.9 0.94 0.9 0.94 0.94 0.94 0.9 0.9 0.94 0.9 0.94 0.94
0 0.94 0.94 0.94 0 0 0 0.94 0 0 0.94 0 0
0.92 0.92 0 0.9 0.92 0 0.92 0.92 0.92 0.92 0.92 0 0.92
0.94 0.94 0.94 0.94 0.94 0.92 0.92 0.94 0.94 0.92 0.94 0.92 0.94
0.9 0.94 0.94 0.94 0.9 0.9 0.9 0.94 0.9 0.9 0.94 0.9 0.9
0 0.94 0 0.94 0.88 0 0 0 0 0 0.94 0 0
0.94 0.94 0.94 0.94 0.92 0.92 0.92 0.94 0.94 0.92 0.94 0.92 0.92
0 0.94 0.94 0.92 0 0 0 0.94 0 0 0.92 0 0
0.9 0.94 0 0.94 0 0 0 0.9 0.94 0.9 0.94 0 0
0.92 0.92 0.94 0.92 0.9 0.9 0.9 0.92 0.92 0.9 0.92 0.9 0.9
0 0 0 0.94 0 0 0 0 0 0 0.94 0 0
0.92 0.94 0.94 0.94 0.92 0.92 0.92 0.94 0.92 0.92 0.94 0.92 0.92
0.92 0.94 0.94 0.94 0.92 0.92 0.92 0.94 0.92 0.92 0.94 0.92 0.92
0.92 0.92 0.94 0.92 0.92 0 0.94 0.92 0.92 0.94 0.92 0.92 0.92
0.92 0.94 0.94 0.94 0.92 0.92 0.92 0.94 0.92 0.92 0.94 0.92 0.92
0.92 0.94 0.94 0.92 0.92 0.94 0.92 0.94 0.92 0.92 0.92 0.94 0.92
0.92 0.94 0.94 0.92 0.92 0.94 0.92 0.94 0.92 0.92 0.92 0.94 0.92
0.92 0.94 0.94 0.92 0.92 0.94 0.92 0.94 0.92 0.92 0.92 0.94 0.92
0.92 0.94 0.94 0.92 0.92 0.94 0.92 0.94 0.92 0.92 0.92 0.94 0.92
0.92 0.94 0.94 0.92 0.92 0.94 0.92 0.94 0.92 0.92 0.92 0.94 0.92
0.92 0.94 0.94 0.92 0.92 0.94 0.92 0.94 0.92 0.92 0.92 0.94 0.92
0.92 0.94 0.94 0.92 0.92 0.94 0.92 0.94 0.92 0.92 0.92 0.94 0.92
0 0.88 0 0.88 0 0 0 0 0 0 0.88 0 0
0 0.94 0 0.94 0.88 0 0 0 0 0 0.94 0 0
0 0 0 0 0.92 0.92 0.92 0 0 0.92 0 0 0.92
0 0 0 0 0.92 0.92 0.92 0 0 0.92 0 0 0.92
0.94 0.9 0 0.9 0.94 0.94 0.94 0.9 0.94 0.94 0.9 0.94 0.94
0.94 0.94 0 0.94 0.94 0.94 0.94 0 0.94 0.94 0.94 0.94 0.94
0 0 0 0 0.94 0.94 0.94 0 0 0.94 0 0 0.94
0 0.94 0 0.94 0.94 0 0 0 0.94 0 0.94 0 0
0 0 0 0 0.92 0.92 0.92 0 0 0.92 0 0 0.92
0.92 0 0 0 0 0.92 0 0 0 0.92 0 0.92 0
0.94 0 0 0 0.94 0.94 0.94 0 0 0.94 0 0.94 0.94
0.94 0 0 0.9 0.94 0.94 0.94 0 0.94 0.94 0 0.94 0.94
0.94 0 0 0 0 0 0 0.94 0 0 0 0 0
0 0 0 0 0.94 0.94 0.94 0 0 0.94 0 0 0.94
0.94 0 0 0 0.94 0 0 0 0 0 0 0 0.94
0.92 0.92 0.92 0 0 0.92 0 0.92 0 0.92 0.92 0.92 0
0 0 0 0 0.92 0.92 0.92 0 0 0.92 0 0 0.92
0.94 0 0 0.9 0.94 0.94 0.94 0 0.94 0.94 0 0.94 0.94
0 0 0 0 0.94 0 0 0 0 0 0 0 0
0 0 0 0 0.94 0.94 0 0 0 0.94 0 0 0.94
0 0 0 0 0 0.94 0 0 0 0.94 0 0 0
0 0 0 0 0.9 0.9 0.9 0 0 0.9 0 0 0.9
0 0 0 0 0.92 0.92 0.92 0 0 0.92 0 0 0.92
0.94 0.9 0 0.9 0.94 0.94 0.94 0.9 0.94 0.94 0.9 0.94 0.94
0.94 0 0 0 0.94 0.94 0.94 0 0.94 0.94 0 0.94 0.94
0 0 0 0 0.94 0.94 0.94 0 0 0.94 0 0 0.94
0.92 0.94 0.92 0.94 0.94 0 0 0.92 0.94 0 0.94 0.92 0
0 0.92 0 0.92 0.92 0 0.92 0 0.92 0 0.92 0 0.92
0 0 0 0 0.92 0.92 0.92 0 0 0.92 0 0 0.92
0.94 0.92 0.94 0.92 0.94 0.94 0.94 0.94 0.94 0.94 0.92 0.94 0.94
0.94 0 0 0 0.94 0.94 0.94 0 0.94 0.94 0 0.94 0.94
0.94 0 0 0.94 0.94 0.94 0.94 0 0.94 0.94 0 0.94 0.94
0 0 0 0 0.94 0.94 0.94 0 0 0.94 0 0 0.94
0.94 0.94 0.94 0 0.94 0.94 0.94 0.94 0.94 0.94 0.94 0.94 0.94
0.9 0.94 0 0.94 0.94 0.9 0.92 0.9 0.94 0.9 0.94 0 0.92
0.94 0 0.94 0 0.94 0.94 0.94 0.94 0.94 0.94 0 0.94 0.94
0 0 0 0 0.92 0.92 0.92 0 0 0.92 0 0 0.92
0 0.94 0 0.94 0.94 0 0 0 0.94 0 0.94 0 0
0.94 0 0 0 0.94 0.94 0.94 0 0.94 0.94 0 0.94 0.94
0.94 0 0 0 0.94 0.94 0.94 0 0.94 0.94 0 0.94 0.94
0 0 0 0 0.94 0.94 0.94 0 0 0.94 0 0 0.94
0.92 0.94 0 0.94 0.94 0 0 0.92 0.94 0 0.94 0 0
0.94 0 0.94 0 0.94 0.94 0.94 0.94 0.94 0.94 0 0.94 0.94
0 0 0 0 0.92 0.92 0.92 0 0 0.92 0 0 0.92
0.92 0 0.92 0 0 0.92 0.92 0 0 0.92 0 0.92 0.92
0.94 0.9 0 0.9 0.94 0.94 0.94 0.9 0.94 0.94 0.9 0.94 0.94
0.94 0 0 0 0.94 0.94 0.94 0 0 0.94 0 0.94 0.94
0 0 0 0 0.94 0.94 0.94 0 0 0.94 0 0 0.94
0 0 0 0 0 0.94 0 0 0 0.94 0 0 0
0.94 0 0 0 0 0.94 0.94 0 0 0.94 0 0.94 0.94
0 0 0 0 0.94 0.94 0.94 0 0 0.94 0 0 0.94
0.92 0.92 0.92 0 0.92 0.92 0.92 0.92 0.92 0.92 0 0.92 0.92
0.94 0 0 0.94 0.94 0 0.94 0 0.94 0.94 0.94 0 0.94
0 0 0 0.94 0 0 0 0 0.94 0 0 0 0
0 0 0 0 0.94 0.94 0.94 0 0.94 0.94 0 0 0.94
0 0 0 0 0.94 0.94 0.94 0 0 0.94 0 0 0.94
0.94 0.94 0 0.94 0.94 0 0.94 0.94 0.94 0.94 0.94 0 0.94
0.94 0.94 0.94 0 0.94 0.94 0.94 0.94 0.94 0.94 0.94 0.94 0.94
0 0 0 0.94 0 0 0 0 0.94 0 0 0 0
0.92 0 0 0.92 0.92 0.92 0.92 0 0.92 0.92 0 0 0.92
0 0 0.94 0 0 0 0 0 0 0 0 0.94 0
0 0 0 0 0.94 0.94 0.94 0 0 0.94 0 0.94 0.94
0.94 0 0 0.94 0.94 0.94 0.94 0 0.94 0.94 0 0.94 0.94
0 0 0 0 0.94 0.94 0.94 0 0 0.94 0 0 0.94
0.94 0.94 0.94 0.94 0.94 0.94 0 0.94 0.94 0.94 0.94 0.94 0.94
0.94 0.94 0.94 0 0 0 0 0.94 0 0 0.94 0.94 0
0.92 0.9 0.9 0.9 0.92 0.92 0.92 0.9 0.92 0.92 0.9 0.92 0.92
0 0 0 0 0.92 0.92 0.92 0 0 0.92 0 0 0.92
0 0 0 0 0.92 0.92 0.92 0 0 0.92 0 0 0.92
0.92 0.92 0 0.92 0 0 0 0.92 0.92 0 0.92 0 0
0 0 0 0 0.92 0.92 0.92 0 0 0.92 0 0 0.92
0 0 0 0.92 0.92 0 0.92 0 0.92 0 0 0 0.92
0.92 0 0.92 0.92 0.92 0.92 0.92 0.92 0.92 0.92 0 0.92 0.92
0 0 0 0.92 0.92 0 0.92 0 0.92 0 0 0 0.92
0 0 0 0 0.92 0 0.92 0 0.92 0 0 0 0.92
0 0 0 0.92 0.92 0 0.92 0 0.92 0 0 0 0.92
0 0 0 0.92 0.92 0 0.92 0 0.92 0 0 0 0.92
0 0 0 0.92 0.92 0 0.92 0 0.92 0 0 0 0.92
0 0 0 0 0.92 0 0.92 0 0 0 0 0 0.92
0 0 0 0.92 0.92 0 0.92 0 0.92 0 0 0 0.92
0 0 0 0.94 0.94 0 0.94 0 0.94 0 0 0 0.94
0 0 0 0.92 0.92 0 0.92 0 0.92 0 0 0 0.92
0 0 0 0.92 0.92 0 0.92 0 0.92 0 0 0 0.92
0 0 0 0 0.92 0 0.92 0 0.92 0 0 0 0.92
0 0 0 0.92 0.92 0 0.92 0 0.92 0 0 0 0.92
0 0 0 0 0.92 0 0.92 0 0 0 0 0 0.92
0 0 0 0.92 0.92 0 0.92 0 0.92 0 0 0 0.92
0.92 0.92 0.92 0.92 0.92 0 0.92 0.92 0.92 0.92 0.92 0.92 0.92
0 0 0 0.92 0.92 0 0.92 0 0.92 0 0 0 0.92
0.92 0.92 0.92 0.92 0.92 0 0.92 0.92 0.92 0.92 0.92 0.92 0.92
0.92 0.92 0.92 0.92 0.92 0 0.92 0.92 0.92 0.92 0.92 0.92 0.92
0.92 0 0 0 0.92 0 0.92 0 0 0.92 0 0 0.92
0.92 0 0 0 0.92 0 0.92 0 0 0.92 0 0 0.92
0 0 0 0 0.92 0 0.92 0 0 0 0 0 0.92
0 0 0 0 0.92 0 0.92 0 0 0.92 0 0 0.92
0 0 0 0 0.92 0 0.92 0 0 0 0 0 0.92
0 0 0 0 0.92 0 0.92 0 0 0 0 0 0.92
0 0 0 0.92 0.92 0 0.92 0 0.92 0 0 0 0.92
0 0 0 0.92 0.92 0 0.92 0 0.92 0 0 0 0.92
0.92 0.92 0.92 0 0.92 0 0.92 0.92 0 0.92 0 0 0.92
0.92 0.92 0.92 0 0.92 0 0.92 0.92 0.92 0.92 0.92 0 0.92
0 0 0 0 0.92 0 0.92 0 0.92 0 0 0 0.92
0.92 0.92 0.92 0.92 0.92 0 0.92 0.92 0.92 0.92 0.92 0.92 0.92
0 0 0 0 0.92 0 0.92 0 0 0 0 0 0.92
0.92 0.92 0.92 0.92 0.92 0 0.92 0.92 0.92 0.92 0.92 0.92 0.92
0.94 0 0 0 0.94 0.94 0.94 0 0.94 0.94 0 0.94 0.94
0.94 0 0 0 0.94 0.94 0.94 0 0.94 0.94 0 0.94 0.94
0 0 0 0 0.94 0.94 0.94 0 0 0.94 0 0 0.94
0.94 0 0 0.94 0.94 0 0.94 0 0.94 0.94 0.94 0 0.94
0.94 0 0 0.94 0.94 0 0.94 0 0.94 0.94 0.94 0 0.94
0 0 0 0.94 0.94 0 0.94 0 0.94 0 0 0 0.94
0.94 0 0.94 0 0.94 0.94 0.94 0 0 0.94 0 0.94 0.94
0 0 0 0.94 0.94 0 0.94 0 0.94 0 0 0 0.94
0 0 0 0.94 0.94 0.94 0.94 0 0.94 0.94 0 0 0.94
0.94 0 0 0 0.94 0.94 0.94 0 0.94 0.94 0 0.94 0.94
0.94 0 0 0 0.94 0.94 0.94 0 0.94 0.94 0 0.94 0.94
0 0 0 0 0.94 0.94 0.94 0 0 0.94 0 0 0.94
0.94 0 0 0.94 0.94 0.94 0.94 0 0.94 0.94 0 0.94 0.94
0 0 0 0 0.94 0.94 0.94 0 0 0.94 0 0 0.94
0.94 0.94 0.94 0 0.94 0.94 0.94 0.94 0 0.94 0.94 0.94 0.94
0.94 0.94 0.94 0.94 0.92 0.92 0.92 0.94 0.94 0.92 0.94 0.94 0.92
0.94 0 0 0 0.94 0.94 0.94 0 0 0.94 0 0.94 0.94
0.94 0 0 0 0.94 0.94 0.94 0 0 0.94 0 0.94 0.94
0 0 0 0 0.94 0.94 0.94 0 0 0.94 0 0 0.94
0.94 0.92 0.92 0.94 0.94 0.92 0.94 0.92 0.94 0.94 0.94 0.92 0.94
0 0 0 0 0.94 0 0.94 0 0.94 0.94 0 0 0.94
0.94 0.94 0.94 0 0.94 0.94 0.94 0.94 0.94 0.94 0.94 0.94 0.94
0.94 0 0 0.94 0.94 0.94 0.94 0 0.94 0.94 0.94 0 0.94
0 0.94 0 0.94 0.94 0 0.94 0 0.94 0 0.94 0 0.94
0.94 0.92 0.92 0.94 0.94 0.92 0.94 0.92 0.94 0.92 0.94 0.92 0.94
0.94 0.92 0.92 0.92 0.94 0.94 0.94 0.92 0.92 0.94 0.92 0.94 0.94
0.94 0 0 0.94 0.94 0.94 0.94 0 0.94 0.94 0 0.94 0.94
0 0 0 0 0.94 0.94 0.94 0 0 0.94 0 0 0.94
0.94 0.94 0 0.94 0.94 0 0 0.94 0.94 0 0.94 0 0.94
0 0 0 0 0.94 0.94 0.94 0 0 0.94 0 0.94 0.94
0.94 0 0 0.94 0.94 0.94 0.94 0 0.94 0.94 0 0.94 0.94
0 0 0 0 0.94 0.94 0.94 0 0 0.94 0 0 0.94
0.94 0.94 0.94 0.94 0 0 0 0.94 0.94 0 0.94 0.94 0
0.94 0 0 0 0.94 0.94 0.94 0 0 0.94 0 0.94 0.94
0.94 0 0 0 0.94 0.94 0.94 0 0 0.94 0 0.94 0.94
0 0 0.94 0 0 0.94 0.94 0 0 0.94 0 0.94 0
0 0 0 0 0.94 0.94 0.94 0 0 0.94 0 0 0.94
0 0 0.94 0.92 0.92 0.94 0.94 0 0.92 0.94 0 0.94 0.92
0.94 0 0.94 0.94 0.94 0.94 0.94 0.94 0.94 0.94 0.94 0.94 0.94
0.94 0.94 0.94 0 0.94 0.94 0.94 0.94 0 0.94 0 0.94 0.94
0.94 0.94 0.94 0 0.94 0.94 0.94 0.94 0.94 0.94 0.94 0.94 0.94
0.94 0 0.94 0.94 0.94 0.94 0.94 0.94 0.94 0.94 0.94 0.94 0.94
0 0 0.94 0 0 0.94 0.94 0 0 0.94 0 0.94 0
0 0.94 0 0.94 0.94 0 0.94 0 0.94 0 0.94 0 0.94
0 0 0 0 0.94 0 0.94 0 0 0 0 0 0.94
0.94 0 0 0 0.94 0.94 0.94 0 0.94 0.94 0 0.94 0.94
0 0 0 0 0.94 0.94 0.94 0 0 0.94 0 0 0.94
0 0 0 0.94 0.94 0 0.94 0 0.94 0 0 0 0.94
0 0 0 0.94 0.94 0 0.94 0 0.94 0.92 0 0 0.94
0 0 0 0.94 0.94 0 0.94 0 0.94 0 0 0 0.94
0 0 0 0 0.94 0 0.94 0 0 0 0 0 0.94
0.94 0 0 0.94 0.94 0.9 0.94 0 0.94 0.94 0.94 0 0.94
0 0 0 0 0.94 0 0.94 0 0 0 0 0 0.94
0.94 0 0 0.94 0.94 0 0.94 0 0.94 0.94 0.94 0 0.94
0.94 0 0 0.94 0.94 0 0.94 0 0.94 0.94 0.94 0 0.94
0.94 0 0 0.94 0.94 0 0.94 0 0.94 0.94 0.94 0 0.94
0.94 0 0 0.94 0.94 0 0.94 0 0.94 0.94 0.94 0 0.94
0.94 0 0 0.94 0.94 0.9 0.94 0 0.94 0.94 0.94 0 0.94
0 0 0 0 0.94 0 0.94 0 0 0 0 0 0.94
0.94 0 0 0.94 0.94 0 0.94 0 0.94 0.94 0.94 0 0.94
0.94 0 0.9 0.94 0.94 0.9 0.94 0.9 0.94 0.94 0.94 0.9 0.94
0.94 0 0.9 0.94 0.94 0.9 0.94 0.9 0.94 0.94 0.94 0.9 0.94
0.94 0 0 0 0.94 0 0.94 0 0.94 0 0.92 0 0.94
0.94 0 0 0.94 0.94 0 0.94 0 0.94 0.94 0.94 0 0.94
0.94 0 0 0.94 0.94 0 0.94 0 0.94 0.94 0.94 0 0.94
0.94 0 0 0.94 0.94 0 0.94 0 0.94 0.94 0.94 0 0.94
0.94 0 0 0.94 0.94 0.9 0.94 0 0.94 0.94 0.94 0 0.94
0 0 0 0 0.92 0 0.94 0 0 0 0 0 0.92
0 0 0 0 0 0 0.94 0 0 0 0 0 0
0.94 0 0 0.94 0.94 0 0.94 0 0.94 0.94 0.94 0 0.94
0.94 0 0.88 0.94 0.94 0 0.94 0 0.94 0 0.92 0 0.94
0.94 0 0 0.94 0.94 0.94 0.94 0 0.94 0.94 0.94 0 0.94
0 0 0 0.04 0.94 0 0.94 0 0.04 0.94 0 0 0.94
0.94 0 0 0.94 0.94 0.94 0.94 0 0.94 0.94 0.94 0 0.94
0.94 0 0 0.94 0.94 0.94 0.94 0 0.94 0.94 0.94 0 0.94
0.94 0 0 0.94 0.94 0.94 0.94 0 0.94 0.94 0.94 0 0.94
0.94 0 0 0.94 0.94 0.94 0.94 0 0.94 0.94 0.94 0 0.94
0.94 0 0 0.94 0.94 0 0.94 0 0.94 0.94 0.94 0 0.94
0.94 0 0.04 0.04 0.94 0 0.94 0 0.04 0 0 0 0.94
0.94 0 0 0.94 0.94 0.94 0.94 0 0.94 0.94 0.94 0 0.94
0.94 0 0 0.94 0.94 0 0.94 0 0.94 0.94 0.94 0 0.94
0.94 0 0 0.94 0.94 0.94 0.94 0 0.94 0.94 0.94 0 0.94
0.92 0 0.92 0.92 0.92 0.92 0.92 0 0.92 0.92 0.92 0.92 0.92
0.94 0 0 0.94 0.94 0 0.94 0 0.94 0 0.94 0 0.94
0 0 0 0 0.94 0 0.94 0 0 0 0 0 0.94
0.94 0.94 0.94 0 0.94 0.94 0.94 0.94 0.94 0.94 0.94 0.94 0.94
0 0 0 0.94 0.94 0 0.94 0 0.94 0 0 0 0.94
0 0 0 0.94 0.94 0 0.94 0 0.94 0 0 0 0.94
0 0 0 0.94 0.94 0 0.94 0 0.94 0 0 0 0.94
0 0 0 0.94 0.94 0 0.94 0 0.94 0 0 0 0.94
0 0 0 0.94 0.94 0 0.94 0 0.94 0 0 0 0.94
0 0 0 0.94 0.94 0 0.94 0 0.94 0 0 0 0.94
0 0 0 0.94 0.94 0 0.94 0 0.94 0 0 0 0.94
0 0 0 0.94 0.94 0 0.94 0 0.94 0 0 0 0.94
0 0 0 0.94 0.94 0 0.94 0 0.94 0 0 0 0.94
0 0 0 0 0.94 0 0.94 0 0.94 0 0 0 0.94
0 0 0 0 0.94 0 0.94 0 0.94 0 0 0 0.94
0 0 0 0.94 0.94 0 0.94 0 0.94 0 0 0 0.94
0 0 0 0.94 0.94 0 0.94 0 0.94 0 0 0 0.94
0 0 0 0.94 0.94 0 0.94 0 0.94 0 0 0 0.94
0 0 0 0.94 0.94 0 0.94 0 0.94 0 0 0 0.94
0 0 0 0.94 0.94 0 0.94 0 0.94 0 0 0 0.94
0 0 0 0.94 0.94 0 0.94 0 0.94 0 0 0 0.94
0 0 0 0.94 0.94 0 0.94 0 0.94 0 0 0 0.94
0 0 0 0.94 0.94 0 0.94 0 0.94 0 0 0 0.94
0 0 0 0.94 0.94 0 0.94 0 0.94 0 0 0 0.94
0 0 0 0.94 0.94 0 0.94 0 0.94 0 0 0 0.94
0 0 0 0.94 0.94 0 0.94 0 0.94 0 0 0 0.94
0 0 0 0 0 0.94 0 0 0 0.94 0 0 0
0.94 0.94 0.94 0.94 0 0.94 0.94 0.94 0.94 0.94 0.94 0.94 0.94
0 0 0 0 0 0.94 0 0 0 0.94 0 0 0
0.94 0 0.94 0 0.94 0.94 0.94 0 0 0.94 0 0.94 0.94
0.94 0 0 0 0.94 0.94 0.94 0 0.94 0.94 0 0.94 0.94
0.94 0 0 0 0 0.94 0 0 0 0.94 0 0.94 0
0 0 0 0 0.94 0 0 0 0 0 0 0 0
0.94 0 0 0 0 0.94 0 0 0 0.94 0 0.94 0
0.94 0.94 0.94 0.94 0 0.94 0.94 0.94 0.94 0.94 0.94 0.94 0.94
0.94 0 0 0 0.94 0.94 0.94 0 0.94 0.94 0 0.94 0.94
0 0.94 0 0.94 0.94 0 0 0 0.94 0 0.94 0 0
0 0.94 0 0.94 0.94 0 0 0 0.94 0 0.94 0 0
0.9 0 0 0 0.9 0 0 0.9 0.9 0 0 0 0.9
0.94 0.94 0.94 0 0.94 0.94 0.94 0.94 0.94 0.94 0.94 0.94 0.94
0.94 0.94 0.94 0.94 0.94 0 0.94 0.94 0.94 0 0.94 0.94 0.94
0 0 0 0 0.94 0.94 0.94 0 0 0.94 0 0 0.94
0 0 0.94 0 0 0.94 0.94 0 0 0.94 0 0.94 0
0.94 0.94 0.94 0.94 0.94 0 0.94 0.94 0.94 0 0.94 0.94 0.94
0.94 0.94 0.94 0 0.94 0.94 0.94 0.94 0.94 0.94 0.94 0.94 0.94
0.94 0.94 0 0.94 0.94 0.94 0.94 0.94 0.94 0.94 0.94 0.94 0.94
0 0 0 0 0.92 0.92 0.92 0 0 0.92 0 0 0.92
0.94 0 0.94 0 0.94 0.94 0.94 0 0 0.94 0 0.94 0.94
0.94 0.94 0 0.94 0.94 0 0 0.94 0.94 0 0.94 0 0.94
0.94 0.94 0 0.94 0.94 0 0 0.94 0.94 0 0.94 0 0.94
0.94 0.94 0.94 0 0.94 0 0.94 0.94 0.94 0 0 0 0.94
0 0.94 0 0.94 0 0 0 0 0.94 0 0.94 0 0.94
0.94 0.94 0 0.94 0.94 0 0.94 0 0.94 0 0.94 0 0.94
0.94 0.94 0 0.94 0.94 0 0.94 0 0.94 0 0.94 0 0.94
0.94 0.94 0.94 0 0.94 0 0.94 0.94 0.94 0.94 0.94 0 0.94
0 0 0 0.94 0.94 0 0.94 0 0.94 0 0 0 0.94
0.94 0.94 0.94 0.94 0.94 0 0.94 0.94 0.94 0.94 0.94 0.94 0.94
0 0.92 0 0 0 0 0.94 0 0 0 0.92 0 0
0.94 0.94 0 0.94 0 0 0.94 0.94 0.94 0.94 0.94 0 0.94
0 0 0 0.94 0.94 0 0.94 0 0.94 0 0 0 0.94
0 0 0 0 0 0 0.94 0 0 0 0 0 0
0 0 0 0 0.94 0 0 0 0 0 0 0 0.94
0 0 0 0 0.94 0.94 0.94 0 0 0.94 0 0 0.94
0 0 0 0 0.94 0.94 0.94 0 0 0.94 0 0 0.94
0.94 0.94 0 0 0 0 0 0.94 0 0 0.94 0 0
0.94 0.94 0.94 0 0 0.94 0 0.94 0 0.94 0.94 0.94 0
0.94 0 0.94 0 0.94 0.94 0 0 0 0.94 0 0.94 0.94
0 0 0 0 0.94 0.94 0.94 0 0 0.94 0 0 0.94
0.9 0.92 0.92 0.92 0.9 0.9 0.9 0.92 0.9 0.9 0.92 0.9 0.9
0.94 0.94 0 0.94 0.94 0 0 0.94 0.94 0 0.94 0 0.94
0.92 0.94 0.94 0.94 0.92 0.92 0.92 0.94 0.92 0.92 0.94 0.92 0.92
0.92 0.94 0.92 0.94 0.94 0.92 0.92 0.92 0.94 0.92 0.94 0.92 0.94
0 0.92 0 0.92 0 0 0 0 0 0 0.92 0 0
0 0.94 0 0.94 0.92 0 0 0 0.92 0 0.94 0 0
0.9 0.92 0.92 0.92 0.9 0.9 0.9 0.92 0.9 0.9 0.92 0.9 0.9
0.9 0.94 0.9 0.94 0.94 0.9 0.9 0.9 0.94 0.9 0.94 0.9 0.9
0.92 0.94 0.94 0.94 0.92 0.92 0.92 0.94 0.92 0.92 0.94 0.92 0.92
0.92 0.94 0.92 0.94 0.94 0.92 0.92 0.92 0.94 0.92 0.94 0.92 0.92
0.92 0.94 0.92 0.94 0.94 0.92 0.92 0.92 0.94 0.92 0.94 0.92 0.92
0.9 0.92 0.92 0.92 0.9 0.9 0.9 0.92 0.9 0.9 0.92 0.9 0.9
0.92 0.94 0.94 0.94 0.92 0.92 0.92 0.94 0.92 0.92 0.94 0.92 0.92
0.88 0.92 0.92 0.92 0.88 0.88 0.88 0.92 0.88 0.88 0.92 0.88 0.88
0.9 0.94 0.94 0.94 0 0 0 0.94 0.9 0 0.94 0.9 0
0.9 0 0 0 0.9 0.9 0.9 0 0.9 0.9 0 0.9 0.9
0.92 0.94 0.94 0.94 0.92 0.92 0.92 0.94 0.92 0.92 0.94 0.92 0.92
0.9 0.92 0.92 0.92 0.9 0.9 0.9 0.92 0.9 0.9 0.92 0.9 0.9
0.92 0.94 0.94 0.94 0.92 0.92 0.92 0.94 0.92 0.92 0.94 0.92 0.92
0 0.92 0.92 0.92 0.9 0 0 0.92 0.9 0 0.92 0 0.88
0.92 0.94 0.94 0.94 0.92 0.92 0.92 0.94 0.92 0.92 0.94 0.92 0.92
0.9 0.92 0.92 0.92 0.9 0.9 0.9 0.92 0.9 0.9 0.92 0.9 0.9
0.92 0.94 0.94 0.94 0.92 0.92 0.92 0.94 0.92 0.92 0.94 0.92 0.92
0.9 0.92 0.92 0.92 0.9 0.9 0.9 0.92 0.9 0.9 0.92 0.9 0.9
0.92 0.94 0.94 0.94 0.92 0.92 0.92 0.94 0.92 0.92 0.94 0.92 0.92
0.9 0.92 0.92 0.92 0.9 0.9 0.9 0.92 0.9 0.9 0.92 0.9 0.9
0.92 0.94 0.94 0.94 0.92 0.92 0.92 0.94 0.92 0.92 0.94 0.92 0.92
0.9 0.92 0.92 0.92 0.9 0.9 0.9 0.92 0.9 0.9 0.92 0.9 0.9
0.92 0.94 0.94 0.94 0.92 0.92 0.92 0.94 0.92 0.92 0.94 0.92 0.92
0.92 0.92 0.88 0.92 0.92 0.88 0.88 0.92 0.92 0.88 0.92 0.88 0.92
0.9 0.92 0.92 0.92 0.9 0.9 0.9 0.92 0.9 0.9 0.92 0.9 0.9
0.9 0.92 0.9 0.92 0.9 0.9 0.9 0.9 0.9 0.9 0.92 0.9 0.9
0.88 0.9 0.9 0.9 0.88 0.88 0.88 0.9 0.88 0.88 0.9 0.88 0.88
0.9 0.92 0.92 0.92 0.9 0.9 0.9 0.92 0.9 0.9 0.92 0.9 0.9
0.94 0.94 0 0.94 0.94 0 0 0.94 0.94 0 0.94 0 0.94
0.9 0.94 0.94 0.94 0.9 0.9 0.9 0.94 0.9 0.9 0.94 0.9 0.9
0.9 0.92 0.92 0.92 0.9 0.9 0.9 0.92 0.9 0.9 0.92 0.9 0.9
0.92 0.94 0.94 0.94 0.92 0.92 0.92 0.94 0.92 0.92 0.94 0.92 0.92
0 0 0.94 0 0 0.94 0.94 0 0 0.94 0 0.94 0
0.9 0.92 0.92 0.92 0.9 0.9 0.9 0.92 0.9 0.9 0.92 0.9 0.9
0.86 0.86 0.94 0.86 0.86 0.94 0.94 0.86 0.86 0.94 0.86 0.94 0.86
0.92 0.94 0.94 0.94 0.92 0.92 0.92 0.94 0.92 0.92 0.94 0.92 0.92
0.9 0.92 0.92 0.92 0.9 0.9 0.9 0.92 0.9 0.9 0.92 0.9 0.9
0.92 0.94 0.94 0.94 0.92 0.92 0.92 0.94 0.92 0.92 0.94 0.92 0.92
0.92 0.92 0.94 0.92 0.92 0.94 0.94 0.92 0.92 0.94 0.92 0.94 0.92
0.92 0.94 0.94 0.94 0.92 0.92 0.92 0.94 0.92 0.92 0.94 0.92 0.92
0.04 0.92 0.92 0.92 0.04 0.9 0.04 0.92 0.04 0.04 0.92 0.9 0.04
0 0.94 0.94 0.94 0 0.92 0 0.94 0 0 0.94 0.92 0
0.9 0.92 0.92 0.92 0.9 0.9 0.9 0.92 0.9 0.9 0.92 0.9 0.9
0.92 0.94 0.94 0.94 0.92 0.92 0.92 0.94 0.92 0.92 0.94 0.92 0.92
0.9 0.92 0.92 0.92 0.9 0.9 0.9 0.92 0.9 0.9 0.92 0.9 0.9
0.92 0.94 0.94 0.94 0.9 0.92 0.9 0.94 0.92 0.9 0.94 0.92 0.9
0.9 0.92 0.92 0.92 0.9 0.9 0.9 0.92 0.9 0.9 0.92 0.9 0.9
0.92 0.94 0.94 0.94 0.92 0.92 0.92 0.94 0.92 0.92 0.94 0.92 0.92
0.9 0.92 0.92 0.92 0.9 0.9 0 0.92 0.9 0.9 0.92 0.9 0.9
0.92 0.94 0.94 0.94 0.92 0.92 0.92 0.94 0.92 0.92 0.94 0.92 0.92
0.9 0.92 0.92 0.92 0.9 0.9 0.9 0.92 0.9 0.9 0.92 0.9 0.9
0.92 0.94 0.94 0.94 0.92 0.92 0.92 0.94 0.92 0.92 0.94 0.92 0.92
0.9 0.92 0.92 0.92 0.9 0.9 0.9 0.92 0.9 0.9 0.92 0.9 0.9
0.92 0.94 0.94 0.94 0.92 0.92 0.92 0.94 0.92 0.92 0.94 0.92 0.92
0.9 0.92 0.92 0.92 0.9 0.9 0.9 0.92 0.9 0.9 0.92 0.9 0.9
0.92 0.94 0.94 0.94 0.92 0.92 0.92 0.94 0.92 0.92 0.94 0.92 0.92
0.9 0.92 0 0.92 0.9 0.9 0.9 0.92 0.9 0.9 0.92 0.9 0.9
0.92 0.94 0.94 0.94 0.92 0.92 0.92 0.94 0.92 0.92 0.94 0.92 0.92
0.9 0.92 0.92 0.92 0.9 0.9 0.9 0.92 0.9 0.9 0.92 0.9 0.9
0.92 0.94 0.94 0.94 0.92 0.92 0.92 0.94 0.92 0.92 0.94 0.92 0.92
0.9 0.92 0.92 0.92 0.9 0.9 0.9 0.92 0.9 0.9 0.92 0.9 0.9
0.92 0.94 0.94 0.94 0.92 0.92 0.92 0.94 0.92 0.92 0.94 0.92 0.92
0.9 0.92 0 0.92 0.9 0 0.9 0 0.9 0.9 0.92 0 0.9
0.92 0.94 0 0.94 0.92 0 0 0 0.92 0 0.94 0 0.92
0.9 0.92 0.92 0.9 0.9 0.92 0.9 0.92 0.9 0.9 0.9 0.92 0.9
0.9 0 0 0.9 0.9 0 0.9 0 0.9 0.9 0.9 0 0.9
0 0 0 0.06 0 0 0 0 0 0 0.06 0 0
0.9 0.92 0.92 0.9 0.9 0.92 0.9 0.92 0.9 0.9 0.9 0.92 0.9
0.9 0.92 0.92 0.9 0.9 0.92 0.9 0.92 0.9 0.9 0.9 0.92 0.9
0.9 0.92 0.92 0.9 0.9 0.92 0.9 0.92 0.9 0.9 0.9 0.92 0.9
0.9 0.92 0.92 0.9 0.9 0.92 0.9 0.92 0.9 0.9 0.9 0.92 0.9
0.9 0.92 0.92 0.9 0.9 0.92 0.9 0.92 0.9 0.9 0.9 0.92 0.9
0.9 0.92 0.92 0.9 0.9 0.92 0.9 0.92 0.9 0.9 0.9 0.92 0.9
0 0.92 0.92 0 0 0.92 0.9 0.92 0 0.9 0 0.92 0.88
0.92 0.94 0.94 0.92 0.92 0.92 0.92 0.94 0.92 0.92 0.92 0.92 0.92
0.9 0.92 0.92 0.9 0.9 0.92 0.9 0.92 0.9 0.9 0.9 0.92 0.9
0.92 0.94 0.94 0.94 0 0 0 0.94 0.92 0 0.94 0 0
0.92 0.94 0.94 0.94 0.92 0.92 0.92 0.94 0.92 0.92 0.94 0.92 0.92
0.92 0.94 0.94 0.94 0.9 0 0 0.94 0.92 0 0.94 0 0
0.92 0.94 0.94 0.94 0.92 0.92 0.92 0.94 0.92 0.92 0.94 0.92 0.92
0.92 0.94 0.94 0.94 0.92 0.92 0.92 0.94 0.92 0.92 0.94 0.92 0.92
0.92 0.94 0.94 0.94 0.92 0.92 0.92 0.94 0.92 0.92 0.94 0.92 0.92
0.92 0.94 0.94 0.94 0.92 0.92 0.92 0.94 0.92 0.92 0.94 0.92 0.92
0.92 0.94 0.94 0.94 0.92 0.92 0.92 0.94 0.92 0.92 0.94 0.92 0.92
0.92 0.94 0.94 0.94 0.92 0.92 0.92 0.94 0.92 0.92 0.94 0.92 0.92
0.92 0.94 0.94 0.94 0.92 0.92 0.92 0.94 0.92 0.92 0.94 0.92 0.92
0.92 0.94 0.94 0.94 0.92 0.92 0.92 0.94 0.92 0.92 0.94 0.92 0.92
0.92 0.94 0.94 0.92 0.92 0.94 0.92 0.94 0.92 0.92 0.92 0.94 0.92
0.94 0.94 0.9 0.94 0.94 0.9 0.9 0.94 0.94 0.9 0.94 0.9 0.94
0.94 0.94 0.94 0.94 0.88 0.88 0.88 0.94 0.94 0.88 0.94 0.94 0.88
0.94 0.94 0.94 0.94 0.88 0.88 0.88 0.94 0.94 0.88 0.94 0.94 0.88
0 0.94 0 0.94 0.94 0 0 0 0.94 0 0.94 0 0
0.94 0.94 0.94 0.94 0.88 0.88 0.88 0.94 0.94 0.88 0.94 0.94 0.88
0.92 0.94 0.92 0.94 0.94 0.92 0.92 0.92 0.94 0.92 0.94 0.92 0.92
0.92 0.94 0.92 0.94 0.94 0.92 0.92 0.92 0.94 0.92 0.94 0.92 0.92
0.94 0.94 0.94 0.94 0.88 0.88 0.88 0.94 0.94 0.88 0.94 0.94 0.88
0.94 0.94 0.94 0.94 0.88 0.88 0.88 0.94 0.94 0.88 0.94 0.94 0.88
0.94 0.94 0.94 0.94 0 0 0 0.94 0.94 0 0.94 0.94 0
0.94 0.94 0.94 0.94 0.88 0.88 0.88 0.94 0.94 0.88 0.94 0.94 0.88
0.94 0.92 0.94 0.92 0.94 0.94 0.94 0.94 0.94 0.94 0.92 0.94 0.94
0.94 0.94 0.94 0.94 0.88 0.88 0.88 0.94 0.94 0.88 0.94 0.94 0.88
0.94 0.94 0.94 0.94 0 0 0 0.94 0.94 0 0.94 0.94 0
0.94 0.94 0.94 0.94 0 0 0 0.94 0.94 0 0.94 0.94 0
0.94 0.94 0.94 0.94 0 0 0 0.94 0.94 0 0.94 0.94 0
0.94 0.94 0.94 0.94 0.88 0.88 0.88 0.94 0.94 0.88 0.94 0.94 0.88
0.92 0.92 0.92 0.92 0.86 0.92 0.86 0.92 0.92 0.92 0.92 0.92 0.86
0.94 0.94 0.94 0.94 0.88 0.88 0.88 0.94 0.94 0.88 0.94 0.94 0.88
0.94 0.94 0.94 0.94 0 0 0 0.94 0.94 0 0.94 0.94 0
0.94 0.94 0 0.94 0.94 0 0 0.94 0.94 0 0.94 0 0.94
0.94 0.94 0.94 0.94 0.88 0.88 0.88 0.94 0.94 0.88 0.94 0.94 0.88
0.94 0.94 0.94 0.94 0.88 0.88 0.88 0.94 0.94 0.88 0.94 0.94 0.88
0.92 0.92 0.94 0.92 0.92 0.92 0.92 0.92 0.92 0.92 0.92 0.92 0.92
0.92 0.92 0.94 0.92 0.92 0.94 0.94 0.92 0.92 0.94 0.92 0.94 0.92
0 0.94 0.94 0.94 0 0.9 0 0.94 0 0 0.94 0 0
0.94 0.94 0.94 0.94 0.9 0.9 0.9 0.94 0.94 0.9 0.94 0.9 0.9
0.92 0.92 0.92 0.92 0 0 0 0.92 0.92 0 0.92 0.92 0
0.94 0.94 0.94 0.94 0 0 0 0.94 0.94 0 0.94 0.94 0
0.92 0.92 0.94 0.92 0.92 0.94 0.94 0.92 0.92 0.94 0.92 0.94 0.92
0.92 0.92 0.94 0.92 0.92 0.94 0.94 0.92 0.92 0.94 0.92 0.94 0.92
0.94 0.94 0.94 0.94 0.92 0.92 0.92 0.94 0.94 0.92 0.94 0.92 0.92
0.94 0.94 0.94 0.94 0 0 0 0.94 0.94 0 0.94 0.94 0
0.94 0.94 0.94 0.94 0.92 0.92 0.92 0.94 0.94 0.92 0.94 0.94 0.92
0.9 0.9 0.9 0.94 0.94 0.9 0.94 0.9 0.94 0.9 0.9 0.9 0.94
0.94 0.94 0.94 0.92 0.92 0.94 0.92 0.94 0.92 0.94 0.94 0.94 0.92
0.9 0.94 0.94 0.94 0 0.9 0 0.94 0 0.9 0.94 0.94 0
0.94 0.92 0.92 0.94 0.94 0.92 0.94 0.92 0.94 0.94 0.94 0.92 0.94
0.92 0.94 0.94 0.92 0.92 0.94 0.92 0.94 0.92 0.92 0.92 0.94 0.92
0.94 0.94 0.94 0.92 0.92 0.94 0.92 0.94 0.92 0.94 0.94 0.94 0.92
0.94 0.9 0.9 0.94 0.94 0.9 0.94 0.9 0.94 0.94 0.9 0.9 0.94
0.94 0.94 0.94 0.94 0 0 0 0.94 0.94 0 0.94 0.94 0
0.94 0.94 0.94 0.94 0.88 0.88 0.88 0.94 0.94 0.88 0.94 0.94 0.88
0.94 0.94 0.94 0.94 0.88 0.88 0.88 0.94 0.94 0.88 0.94 0.94 0.88
0.94 0.94 0.94 0.94 0.88 0.88 0.88 0.94 0.94 0.88 0.94 0.94 0.88
0.94 0.94 0.94 0.94 0.88 0.88 0.88 0.94 0.94 0.88 0.94 0.94 0.88
0.94 0.94 0.94 0.94 0 0 0 0.94 0.94 0 0.94 0.94 0
0 0 0 0 0.94 0.94 0.94 0 0 0.94 0 0 0.94
0.94 0.94 0.94 0.94 0 0 0 0.94 0.94 0 0.94 0.94 0
0.92 0.92 0.94 0.92 0.92 0.94 0.94 0.92 0.92 0.94 0.92 0.94 0.92
0.94 0.94 0.94 0.94 0.88 0.88 0.88 0.94 0.94 0.88 0.94 0.94 0.88
0.94 0.94 0.94 0.94 0.88 0.86 0.86 0.94 0.94 0.86 0.94 0.94 0.86
0.94 0.94 0.94 0.94 0.94 0.92 0.94 0.94 0.94 0.94 0.94 0.94 0.94
0.92 0.94 0.92 0.94 0.94 0.92 0.92 0.92 0.94 0.92 0.94 0.92 0.92
0.94 0.94 0.94 0.94 0.88 0.88 0.88 0.94 0.94 0.88 0.94 0.94 0.88
0.94 0.94 0 0.94 0.94 0 0 0.94 0.94 0 0.94 0 0.94
0.94 0.94 0.94 0.94 0 0 0 0.94 0.94 0 0.94 0.94 0
0.94 0.94 0.94 0.88 0.88 0.94 0.88 0.94 0.88 0.94 0.94 0.94 0.88
0.94 0.94 0.94 0 0 0.94 0 0.94 0 0.94 0.94 0.94 0
0.94 0.94 0.94 0.88 0.88 0.94 0.88 0.94 0.88 0.94 0.94 0.94 0.88
0.94 0.94 0.94 0 0 0.94 0 0.94 0 0.94 0.94 0.94 0
0.94 0.94 0.94 0 0 0.94 0 0.94 0 0.94 0.94 0.94 0
0.9 0.94 0.94 0.9 0 0.94 0 0.94 0.9 0 0 0.94 0
0.94 0.94 0.94 0.88 0.88 0.94 0 0.94 0.88 0.94 0.94 0.94 0.88
0.94 0.94 0.94 0.88 0.88 0.94 0.88 0.94 0.88 0.94 0.94 0.94 0.88
0.94 0.94 0.94 0.88 0.88 0.94 0 0.94 0.88 0.94 0.94 0.94 0.88
0.94 0.94 0.94 0.88 0.88 0.94 0.88 0.94 0.88 0.94 0.94 0.94 0.88
0.94 0.94 0.94 0.88 0 0.94 0 0.94 0 0.94 0.94 0.94 0
0.94 0.94 0.94 0 0 0.94 0 0.94 0 0.94 0.94 0.94 0
0.94 0.94 0.94 0.92 0.92 0.94 0.92 0.94 0.92 0.94 0.94 0.94 0.92
0 0 0 0.94 0.94 0 0.94 0 0.94 0 0 0 0.94
0.94 0.94 0.94 0.94 0.9 0.9 0.9 0.94 0.94 0.9 0.94 0.94 0.9
0 0.94 0 0.94 0.94 0 0 0 0.94 0 0.94 0 0
0.94 0.94 0.94 0.94 0.9 0.9 0.9 0.94 0.94 0.9 0.94 0.94 0.9
0.92 0.94 0.92 0.94 0.94 0.92 0.92 0.92 0.94 0.92 0.94 0.92 0.92
0.88 0.92 0.88 0.92 0.92 0.88 0.9 0.88 0.92 0.88 0.92 0.88 0.9
0.94 0.94 0.94 0.94 0.9 0.9 0.9 0.94 0.94 0.9 0.94 0.94 0.9
0.9 0.94 0.9 0.94 0.94 0.9 0.9 0.9 0.94 0.9 0.94 0.9 0.9
0.92 0.92 0.92 0.92 0.88 0.88 0.88 0.92 0.92 0.88 0.92 0.92 0.88
0.94 0.94 0.94 0.94 0.9 0.9 0.9 0.94 0.94 0.9 0.94 0.94 0.9
0.9 0.9 0.9 0.9 0.86 0.9 0.86 0.9 0.9 0.9 0.9 0.9 0.86
0.94 0.94 0.94 0.94 0.9 0.9 0.9 0.94 0.94 0.9 0.94 0.94 0.9
0.94 0.94 0.94 0.94 0.9 0.9 0.9 0.94 0.94 0.9 0.94 0.94 0.9
0.94 0.94 0.94 0.94 0.9 0.9 0.9 0.94 0.94 0.9 0.94 0.94 0.9
0.94 0.94 0.94 0.94 0.9 0.9 0.9 0.94 0.94 0.9 0.94 0.94 0.9
0.94 0.94 0.94 0.94 0.9 0.9 0.9 0.94 0.94 0.9 0.94 0.94 0.9
0.94 0.94 0.94 0.94 0.9 0.9 0.9 0.94 0.94 0.9 0.94 0.94 0.9
0.94 0.94 0.94 0.94 0.88 0.88 0.88 0.94 0.94 0.88 0.94 0.94 0.88
0.94 0.94 0.94 0.94 0.88 0.88 0.88 0.94 0.94 0.88 0.94 0.94 0.88
0.92 0.92 0.92 0.92 0.88 0.88 0.88 0.92 0.92 0.88 0.92 0.92 0.88
0.9 0.9 0.92 0.9 0.92 0.92 0.92 0.9 0.9 0.92 0.9 0.92 0.92
0.92 0.92 0 0.92 0.92 0 0 0.92 0.92 0 0.92 0 0.92
0.94 0.94 0.94 0.94 0.9 0.9 0.9 0.94 0.94 0.9 0.94 0.94 0.9
0.94 0.94 0.94 0.94 0 0 0 0.94 0.94 0 0.94 0.94 0
0.92 0.92 0.94 0.92 0.92 0.94 0.94 0.92 0.92 0.94 0.92 0.94 0.92
0.88 0.88 0.94 0.88 0.88 0.94 0.94 0.88 0.88 0.94 0.88 0.94 0.88
0.94 0.94 0.94 0.94 0.9 0.9 0.9 0.94 0.94 0.9 0.94 0.94 0.9
0.94 0.94 0.94 0.94 0 0 0 0.94 0.94 0 0.94 0.94 0
0.92 0.92 0.94 0.92 0.92 0.94 0.94 0.92 0.92 0.94 0.92 0.94 0.92
0.94 0.94 0.94 0.9 0.9 0.94 0.9 0.94 0.9 0.94 0.94 0.94 0.9
0.92 0.94 0.94 0.92 0.92 0.94 0.9 0.94 0.92 0.92 0.94 0.94 0.92
0.94 0.94 0.94 0.9 0.9 0.94 0.9 0.94 0.9 0.94 0.94 0.94 0.9
0.94 0.94 0.94 0.9 0.9 0.94 0.9 0.94 0.9 0.94 0.94 0.94 0.9
0.94 0.94 0.94 0.9 0.9 0.94 0.9 0.94 0.9 0.94 0.94 0.94 0.9
0.94 0.94 0.94 0.9 0.9 0.94 0.9 0.94 0.9 0.94 0.94 0.94 0.9
0.94 0.94 0.94 0.9 0.9 0.94 0.9 0.94 0.9 0.94 0.94 0.94 0.9
0.94 0.94 0.94 0 0 0.94 0 0.94 0 0.94 0.94 0.94 0
0.94 0.94 0.94 0.9 0.9 0.94 0.9 0.94 0.9 0.94 0.94 0.94 0.9
0.94 0.94 0.94 0.9 0.9 0.94 0.9 0.94 0.9 0.94 0.94 0.94 0.9
0.94 0.94 0.94 0.9 0.9 0.94 0.9 0.94 0.9 0.94 0.94 0.94 0.9
0.94 0.94 0.94 0.04 0.04 0.94 0.04 0.94 0.04 0.94 0.94 0.94 0.04
0.94 0.94 0.94 0 0 0.94 0 0.94 0 0.94 0.94 0.94 0
0.94 0.94 0.94 0.9 0.9 0.94 0.9 0.94 0.9 0.94 0.94 0.94 0.9
0.94 0.94 0.94 0 0 0.94 0 0.94 0 0.94 0.94 0.94 0
0.94 0.94 0.94 0.9 0.9 0.94 0.9 0.94 0.9 0.94 0.94 0.94 0.9
0.94 0.94 0.94 0.9 0.9 0.94 0.9 0.94 0.9 0.94 0.94 0.94 0.9
0.94 0.94 0.94 0.9 0.9 0.94 0.9 0.94 0.9 0.94 0.94 0.94 0.9
0.94 0.94 0.94 0.9 0.9 0.94 0.9 0.94 0.9 0.94 0.94 0.94 0.9
0.94 0.94 0.94 0.9 0.9 0.94 0.9 0.94 0.9 0.94 0.94 0.94 0.9
0.94 0.94 0.94 0.9 0.9 0.94 0.9 0.94 0.9 0.94 0.94 0.94 0.9
0.94 0.94 0.94 0.9 0.9 0.94 0.9 0.94 0.9 0.94 0.94 0.94 0.9
0.94 0.94 0.94 0.9 0.9 0.94 0.9 0.94 0.9 0.94 0.94 0.94 0.9
0.92 0.94 0.94 0.9 0.9 0.94 0.9 0.94 0.9 0.92 0.92 0.94 0.9
0.94 0.94 0.94 0 0 0.94 0 0.94 0 0.94 0.94 0.94 0
0.94 0.94 0 0.94 0.94 0 0 0.94 0.94 0 0.94 0 0.94
0.94 0 0.94 0 0 0.94 0.94 0 0 0.94 0 0.94 0.94
0.92 0.94 0.92 0.94 0.94 0.92 0.92 0.92 0.94 0.92 0.94 0.92 0.92
0 0.94 0.94 0.94 0 0 0 0.94 0 0 0.94 0 0
0.9 0.92 0.9 0.92 0.92 0.9 0.9 0.9 0.92 0.9 0.92 0.9 0.9
0.9 0.94 0.9 0.94 0.94 0.9 0.9 0.9 0.94 0.9 0.94 0.9 0.9
0 0.94 0.94 0.94 0 0 0 0.94 0 0 0.94 0 0
0 0.94 0.94 0.94 0 0 0 0.94 0 0 0.94 0 0
0 0.94 0.94 0.94 0 0 0 0.94 0 0 0.94 0 0
0.92 0.94 0.94 0.94 0 0 0 0.94 0.92 0 0.94 0 0
0 0.92 0.92 0.92 0 0 0 0.92 0 0 0.92 0 0
0 0.92 0.92 0.92 0 0 0 0.92 0 0 0.92 0 0
0 0.94 0.94 0.94 0 0 0 0.94 0 0 0.94 0 0
0 0.94 0.94 0.94 0 0 0 0.94 0 0 0.94 0 0
0 0.94 0.94 0.94 0 0 0 0.94 0 0 0.94 0 0
0.94 0.94 0.9 0.94 0.94 0.9 0.9 0.94 0.94 0.9 0.94 0.9 0.94
0 0.94 0.94 0.94 0 0 0 0.94 0 0 0.94 0 0
0 0.94 0.94 0.94 0 0 0 0.94 0 0 0.94 0 0
0 0.92 0 0.92 0 0 0 0 0 0 0.92 0 0
0.92 0.92 0 0.92 0.92 0 0 0.92 0.92 0 0.92 0 0.92
0 0.92 0.92 0.92 0 0 0 0.92 0 0 0.92 0 0
0.94 0.94 0.94 0.94 0.94 0 0.94 0.94 0.94 0.94 0.94 0 0.94
0 0 0.94 0 0 0.94 0.94 0 0 0.94 0 0.94 0
0.88 0.88 0.94 0.88 0.88 0.94 0.94 0.88 0.88 0.94 0.88 0.94 0.88
0 0.94 0.94 0.94 0 0 0 0.94 0 0 0.94 0 0
0 0.94 0.94 0.94 0 0 0 0.94 0 0 0.94 0 0
0.92 0.92 0.94 0.92 0.92 0.94 0.94 0.92 0.92 0.94 0.92 0.94 0.92
0 0.94 0.94 0.94 0 0 0 0.94 0 0 0.94 0 0
0 0.94 0.94 0.94 0 0 0 0.94 0 0 0.94 0 0
0 0.94 0.94 0.94 0 0 0 0.94 0 0 0.94 0 0
0 0.94 0.94 0.94 0 0 0 0.94 0 0 0.94 0 0
0 0.94 0.94 0.94 0 0 0 0.94 0 0 0.94 0 0
0 0.94 0.94 0.94 0 0 0 0.94 0 0 0.94 0 0
0 0.94 0.94 0.94 0 0 0 0.94 0 0 0.94 0 0
0 0.94 0.94 0.94 0 0 0 0.94 0 0 0.94 0 0
0 0.94 0.94 0.94 0 0 0 0.94 0 0 0.94 0 0
0 0.94 0.94 0.94 0 0 0 0.94 0 0 0.94 0 0
0 0.94 0.94 0.94 0 0 0 0.94 0 0 0.94 0 0
0 0.94 0.94 0.94 0 0 0 0.94 0 0 0.94 0 0
0 0.94 0 0.94 0 0 0 0 0 0 0.94 0 0
0 0.94 0.94 0.94 0 0 0 0.94 0 0 0.94 0 0
0 0.94 0.94 0.94 0 0 0 0.94 0 0 0.94 0 0
0.92 0.94 0.94 0.94 0 0 0 0.94 0.92 0 0.94 0 0
0 0.94 0.94 0.94 0 0 0 0.94 0 0 0.94 0 0
0 0.94 0.94 0.94 0 0 0 0.94 0 0 0.94 0 0
0 0.94 0.94 0.94 0 0 0 0.94 0 0 0.94 0 0
0 0.94 0.94 0.94 0 0 0 0.94 0 0 0.94 0 0
0 0.94 0.94 0.94 0 0 0 0.94 0 0 0.94 0 0
0 0.94 0.94 0.94 0 0 0 0.94 0 0 0.94 0 0
0.92 0.94 0.94 0.94 0 0 0 0.94 0.92 0 0.94 0 0
0.92 0.94 0.94 0.94 0 0 0 0.94 0.92 0 0.94 0 0
0 0.94 0.94 0.94 0 0 0 0.94 0 0 0.94 0 0
0 0.94 0.94 0 0 0.94 0 0.94 0 0 0 0.94 0
0.92 0.94 0.92 0.94 0.94 0.92 0.92 0.92 0.94 0.92 0.94 0.92 0.92
0.92 0.94 0.92 0.94 0.94 0.92 0.92 0.92 0.94 0.92 0.94 0.92 0.92
0.92 0.94 0.94 0.94 0.92 0.92 0.92 0.94 0.92 0.92 0.94 0.92 0.92
0.94 0.92 0.92 0.92 0.94 0.92 0.94 0.92 0.94 0.94 0.92 0.92 0.94
0.94 0.94 0.94 0.94 0.94 0.92 0.94 0.94 0.94 0.94 0.94 0.94 0.94
0 0.94 0 0.94 0.94 0 0 0 0.94 0 0.94 0 0
0.94 0 0 0 0.94 0.94 0.94 0 0.94 0.94 0 0.94 0.94
0.94 0 0 0 0.94 0.94 0.94 0 0.94 0.94 0 0.94 0.94
0.92 0.94 0.94 0.94 0.92 0.92 0.92 0.94 0.92 0.92 0.94 0.92 0.92
0.92 0.94 0.94 0.94 0.92 0.92 0.92 0.94 0.92 0.92 0.94 0.92 0.92
0.94 0.94 0.94 0.94 0.92 0.92 0.92 0.94 0.94 0.92 0.94 0.94 0.92
0.9 0.94 0.9 0.94 0.94 0.9 0.9 0.9 0.94 0.9 0.94 0.9 0.9
0.94 0 0 0 0 0 0.94 0 0 0.94 0 0 0.94
0.92 0.94 0.94 0.94 0.92 0.92 0.92 0.94 0.92 0.92 0.94 0.92 0.92
0.92 0.94 0.94 0.94 0.92 0.92 0.92 0.94 0.92 0.92 0.94 0.92 0.92
0.92 0.94 0.94 0.94 0.92 0.92 0.92 0.94 0.92 0.92 0.94 0.92 0.92
0.92 0.94 0.94 0.94 0.92 0.92 0.92 0.94 0.92 0.92 0.94 0.92 0.92
0.92 0.94 0.94 0.94 0.92 0.92 0.92 0.94 0.92 0.92 0.94 0.92 0.92
0.92 0.94 0.94 0.94 0.92 0.92 0.92 0.94 0.92 0.92 0.94 0.92 0.92
0.92 0.94 0.94 0.94 0.92 0.92 0.92 0.94 0.92 0.92 0.94 0.92 0.92
0.94 0.94 0.94 0 0.94 0.94 0.94 0.94 0.94 0.94 0 0.94 0.94
0.94 0.94 0.94 0.92 0.94 0.94 0.94 0.94 0.94 0.94 0.94 0.94 0.94
0.94 0.94 0 0.94 0.94 0 0 0.94 0.94 0 0.94 0 0.94
0.92 0.94 0.94 0.94 0.92 0.92 0.92 0.94 0.92 0.92 0.94 0.92 0.92
0.92 0.94 0.94 0.94 0.92 0.92 0.92 0.94 0.92 0.92 0.94 0.92 0.92
0.92 0.92 0.94 0.92 0.92 0.94 0.94 0.92 0.92 0.94 0.92 0.94 0.92
0.88 0.88 0.94 0.88 0.88 0.94 0.94 0.88 0.88 0.94 0.88 0.94 0.88
0.92 0.94 0.94 0.94 0.92 0.92 0.92 0.94 0.92 0.92 0.94 0.92 0.92
0.92 0.94 0.94 0.94 0.92 0.92 0.92 0.94 0.92 0.92 0.94 0.92 0.92
0.92 0.94 0.94 0.94 0.92 0.92 0.92 0.94 0.92 0.92 0.94 0.92 0.92
0.92 0.92 0.94 0.92 0.92 0.94 0.94 0.92 0.92 0.94 0.92 0.94 0.92
0.92 0.94 0.94 0.94 0.92 0.92 0.92 0.94 0.92 0.92 0.94 0.92 0.92
0.92 0.94 0.94 0.94 0.92 0.92 0.92 0.94 0.92 0.92 0.94 0.92 0.92
0.92 0.94 0.94 0.94 0.92 0.92 0.92 0.94 0.92 0.92 0.94 0.92 0.92
0.92 0.94 0.94 0.94 0.92 0.92 0.92 0.94 0.92 0.92 0.94 0.92 0.92
0.92 0.94 0.94 0.94 0.92 0.92 0.92 0.94 0.92 0.92 0.94 0.92 0.92
0.92 0.94 0.94 0.94 0.92 0.92 0.92 0.94 0.92 0.92 0.94 0.92 0.92
0.92 0.94 0.94 0.94 0.92 0.92 0.92 0.94 0.92 0.92 0.94 0.92 0.92
0.92 0.94 0.94 0.94 0.92 0.92 0.92 0.94 0.92 0.92 0.94 0.92 0.92
0.94 0 0 0 0.94 0 0.94 0 0.94 0.94 0 0 0.94
0.92 0 0.94 0 0.92 0.92 0.92 0 0.92 0.92 0 0.92 0.92
0.92 0.94 0.94 0.94 0.92 0.92 0.92 0.94 0.92 0.92 0.94 0.92 0.92
0.92 0.94 0.94 0.94 0.92 0.92 0.92 0.94 0.92 0.92 0.94 0.92 0.92
0.92 0.94 0.94 0.94 0.92 0.92 0.92 0.94 0.92 0.92 0.94 0.92 0.92
0.94 0.94 0 0.94 0.94 0 0 0.94 0.94 0 0.94 0 0.94
0.94 0.92 0.94 0.92 0.94 0.94 0.94 0.94 0.94 0.94 0.92 0.94 0.94
0.92 0.94 0.94 0.94 0.92 0.92 0.92 0.94 0.92 0.92 0.94 0.92 0.92
0.92 0.94 0.94 0.94 0.92 0.92 0.92 0.94 0.92 0.92 0.94 0.92 0.92
0.92 0.94 0.94 0.94 0.92 0.92 0.92 0.94 0.92 0.92 0.94 0.92 0.92
0.92 0.94 0.94 0.94 0.92 0.92 0.92 0.94 0.92 0.92 0.94 0.92 0.92
0.92 0.94 0.94 0.94 0.92 0.92 0.92 0.94 0.92 0.92 0.94 0.92 0.92
0.92 0.94 0.94 0.94 0.92 0.92 0.92 0.94 0.92 0.92 0.94 0.92 0.92
0.92 0.94 0.94 0.94 0.92 0.92 0.92 0.94 0.92 0.92 0.94 0.92 0.92
0.92 0.94 0.94 0.94 0.92 0.92 0.92 0.94 0.92 0.92 0.94 0.92 0.92
0.92 0.94 0.94 0.92 0.92 0.94 0.92 0.94 0.92 0.92 0.92 0.94 0.92
0.92 0.94 0.94 0.92 0.92 0.94 0.92 0.94 0.92 0.92 0.92 0.94 0.92
0.92 0.94 0.94 0.92 0.92 0.94 0.92 0.94 0.92 0.92 0.92 0.94 0.92
0.92 0.94 0.94 0.92 0.92 0.94 0.92 0.94 0.92 0.92 0.92 0.94 0.92
0.92 0.94 0.94 0.92 0.92 0.94 0.92 0.94 0.92 0.92 0.92 0.94 0.92
0.92 0.94 0.94 0.94 0.92 0.92 0.92 0.94 0.92 0.92 0.94 0.92 0.92
0.92 0.94 0.94 0.94 0.92 0.92 0.92 0.94 0.92 0.92 0.94 0.92 0.92
0.9 0.94 0.94 0.94 0.9 0.92 0.9 0.94 0.9 0.9 0.94 0.92 0.9
0.92 0.92 0.94 0.92 0.92 0.92 0.92 0.94 0.92 0.92 0.92 0.92 0.92
0.9 0.92 0.92 0.92 0.9 0.9 0.9 0.92 0.9 0.9 0.92 0.9 0.9
0.9 0.94 0.94 0.94 0.9 0.9 0.9 0.94 0.9 0.9 0.94 0.9 0.9
0.92 0.94 0.94 0.94 0.92 0.92 0.92 0.94 0.92 0.92 0.94 0.92 0.92
0.92 0.94 0.94 0.94 0.92 0.92 0.92 0.94 0.92 0.92 0.94 0.92 0.92
0.92 0.94 0.94 0.94 0.92 0.92 0.92 0.94 0.92 0.92 0.94 0.92 0.92
0.92 0.94 0.94 0.94 0.92 0.92 0.92 0.94 0.92 0.92 0.94 0.92 0.92
0.92 0.94 0.94 0.94 0.92 0.92 0.92 0.94 0.92 0.92 0.94 0.92 0.92
0.92 0.94 0.94 0.94 0.92 0.92 0.92 0.94 0.92 0.92 0.94 0.92 0.92
0.92 0.94 0.94 0.94 0.92 0.92 0.92 0.94 0.92 0.92 0.94 0.92 0.92
0.92 0.94 0.94 0.94 0.92 0.92 0.92 0.94 0.92 0.92 0.94 0.92 0.92
0.92 0.94 0.94 0.94 0.9 0.9 0.9 0.94 0.92 0.9 0.94 0.92 0.9
0.92 0.94 0.94 0.94 0.92 0.92 0.92 0.94 0.92 0.92 0.94 0.92 0.92
0.94 0.9 0.94 0.9 0.94 0.94 0.94 0.94 0.94 0.94 0.9 0.94 0.94
0.92 0.94 0.94 0.94 0.92 0.92 0.92 0.94 0.92 0.92 0.94 0.92 0.92
0.92 0.94 0.94 0.94 0.92 0.92 0.92 0.94 0.92 0.92 0.94 0.92 0.92
0.92 0.94 0.94 0.94 0.92 0.92 0.92 0.94 0.92 0.92 0.94 0.92 0.92
0.92 0.94 0.94 0.94 0.92 0.92 0.92 0.94 0.92 0.92 0.94 0.92 0.92
0.94 0.9 0.94 0.9 0.94 0.94 0.94 0.94 0.94 0.94 0.9 0.94 0.94
0.9 0.94 0.94 0.9 0.9 0.94 0.9 0.94 0.9 0.9 0.9 0.94 0.9
0.92 0.94 0.94 0.92 0.92 0.94 0.92 0.94 0.92 0.92 0.92 0.94 0.92
0.92 0.94 0.94 0.92 0.92 0.94 0.92 0.94 0.92 0.92 0.92 0.94 0.92
0.92 0.94 0.94 0.92 0.92 0.94 0.92 0.94 0.92 0.92 0.92 0.94 0.92
0.92 0.94 0.94 0.92 0.92 0.94 0.92 0.94 0.92 0.92 0.92 0.94 0.92
0.92 0.94 0.94 0.92 0.92 0.94 0.92 0.94 0.92 0.92 0.92 0.94 0.92
0.92 0.94 0.94 0.92 0.92 0.94 0.92 0.94 0.92 0.92 0.92 0.94 0.92
0.92 0.94 0.94 0.92 0.92 0.94 0.92 0.94 0.92 0.92 0.92 0.94 0.92
0.92 0.94 0.94 0.92 0.92 0.94 0.92 0.94 0.92 0.92 0.92 0.94 0.92
0.92 0.94 0.94 0.9 0.9 0.94 0.9 0.94 0.9 0.92 0.92 0.94 0.9
0.92 0.94 0.94 0.92 0.92 0.94 0.92 0.94 0.92 0.92 0.92 0.94 0.92
0 0.94 0.9 0.9 0.9 0.9 0 0.9 0.9 0 0.9 0.9 0.9
0.92 0.94 0.94 0.92 0.92 0.94 0.92 0.94 0.92 0.92 0.92 0.94 0.92
0.92 0.94 0.94 0.92 0.92 0.94 0.92 0.94 0.92 0.92 0.92 0.94 0.92
0.92 0.94 0.94 0.92 0.92 0.94 0.92 0.94 0.92 0.92 0.92 0.94 0.92
0.9 0.94 0.94 0.9 0.9 0.94 0.9 0.94 0.9 0.9 0.9 0.94 0.9
0.92 0.94 0.94 0.92 0.92 0.94 0.92 0.94 0.92 0.92 0.92 0.94 0.92
0.92 0.94 0.94 0.92 0.92 0.94 0.92 0.94 0.92 0.92 0.92 0.94 0.92
0.92 0.94 0.94 0 0.92 0.94 0.92 0.94 0.92 0.92 0.92 0.94 0.92
0.92 0.94 0.94 0.92 0.92 0.94 0.92 0.94 0.92 0.92 0.92 0.94 0.92
0.9 0.94 0.94 0.92 0.9 0.94 0.9 0.94 0.9 0.9 0.92 0.94 0.9
0.92 0.94 0.94 0.92 0.92 0.94 0.92 0.94 0.92 0.92 0.92 0.94 0.92
0.92 0.94 0.94 0.92 0.92 0.94 0.92 0.94 0.92 0.92 0.92 0.94 0.92
0.92 0.94 0.94 0.92 0.92 0.94 0.92 0.94 0.92 0.92 0.92 0.94 0.92
0.92 0.94 0.94 0.92 0.92 0.94 0.92 0.94 0.92 0.92 0.92 0.94 0.92
0.92 0.94 0.94 0.92 0.92 0.94 0.92 0.94 0.92 0.92 0.92 0.94 0.92
0.92 0.94 0.94 0.92 0.92 0.94 0.92 0.94 0.92 0.92 0.92 0.94 0.92
0.92 0.94 0.94 0.92 0.92 0.94 0.92 0.94 0.92 0.92 0.92 0.94 0.92
0.92 0.94 0.94 0.92 0.92 0.94 0.92 0.94 0.92 0.92 0.92 0.94 0.92
0.9 0.92 0.92 0.92 0.9 0.9 0.9 0.92 0.9 0.9 0.92 0.9 0.9
0.92 0.94 0.94 0.94 0.92 0.92 0.92 0.94 0.92 0.92 0.94 0.92 0.92
0.92 0.92 0.94 0.92 0.92 0.94 0.94 0.92 0.92 0.94 0.92 0.94 0.92
0.88 0.88 0.94 0.88 0.88 0.94 0.94 0.88 0.88 0.94 0.88 0.94 0.88
0.92 0.94 0.94 0.94 0.92 0.92 0.92 0.94 0.92 0.92 0.94 0.92 0.92
0.92 0.94 0.94 0.94 0.92 0.9 0.92 0.94 0.92 0.92 0.94 0.92 0.92
0.92 0.92 0.94 0.92 0.92 0.94 0.94 0.92 0.92 0.94 0.92 0.94 0.92
0.92 0.94 0.94 0.94 0.92 0.92 0.92 0.94 0.92 0.92 0.94 0.92 0.92
0.92 0.94 0.94 0.94 0.92 0.92 0.92 0.94 0.92 0.92 0.94 0.92 0.92
0.92 0.94 0.94 0.94 0.92 0.92 0.92 0.94 0.92 0.92 0.94 0.92 0.92
0.92 0.94 0.94 0.94 0.92 0.92 0.92 0.94 0.92 0.92 0.94 0.92 0.92
0.92 0.94 0.94 0.94 0.92 0.92 0.92 0.94 0.92 0.92 0.94 0.92 0.92
0.92 0.94 0.94 0.94 0.92 0.92 0.92 0.94 0.92 0.92 0.94 0.92 0.92
0.92 0.94 0.94 0.92 0.92 0.94 0.92 0.94 0.92 0.92 0.92 0.94 0.92
0 0.94 0.94 0.92 0 0.94 0 0.94 0 0 0.92 0.94 0
0.92 0.94 0.94 0.92 0.92 0.94 0.92 0.94 0.92 0.92 0.92 0.94 0.92
0.92 0.94 0.94 0.92 0.92 0.94 0.92 0.94 0.92 0.92 0.92 0.94 0.92
0.92 0.94 0.94 0.92 0.92 0.94 0.92 0.94 0.92 0.92 0.92 0.94 0.92
0.92 0.94 0.94 0.9 0.92 0.94 0.92 0.94 0.92 0.92 0.92 0.94 0.92
0.92 0.94 0.94 0.92 0.92 0.94 0.92 0.94 0.92 0.92 0.92 0.94 0.92
0.92 0.94 0.94 0.92 0.92 0.94 0.92 0.94 0.92 0.92 0.92 0.94 0.92
0.92 0.94 0.94 0.92 0.92 0.94 0.92 0.94 0.92 0.92 0.92 0.94 0.92
0.92 0.94 0.94 0.92 0.92 0.94 0.92 0.94 0.92 0.92 0.92 0.94 0.92
0.92 0.94 0.92 0.92 0.92 0.92 0.92 0.92 0.92 0.9 0.92 0.92 0.92
0.92 0.94 0.94 0.92 0.92 0.94 0.92 0.94 0.92 0.92 0.92 0.94 0.92
0.92 0.94 0.94 0.92 0.92 0.94 0.92 0.94 0.92 0.92 0.92 0.94 0.92
0.92 0.94 0.94 0.9 0.9 0.94 0.9 0.94 0.9 0.92 0.9 0.94 0.9
0.92 0.94 0.94 0.92 0.92 0.94 0.92 0.94 0.92 0.92 0.92 0.94 0.92
0.92 0.94 0.94 0.92 0.92 0.94 0.92 0.94 0.92 0.92 0.92 0.94 0.92
0.92 0.94 0.94 0.92 0.92 0.94 0.92 0.94 0.92 0.92 0.92 0.94 0.92
0.92 0.94 0.94 0.9 0.9 0.94 0.9 0.94 0.9 0.92 0 0.94 0.9
0.92 0.94 0.94 0.92 0.92 0.94 0.92 0.94 0.92 0.92 0.92 0.94 0.92
0.94 0.94 0 0.94 0.94 0 0.94 0.94 0.94 0.94 0.94 0 0.94
0.92 0.94 0.92 0.94 0.94 0.92 0.92 0.92 0.94 0.92 0.94 0.92 0.92
0.9 0.94 0.9 0.94 0.94 0.9 0.9 0.9 0.94 0.9 0.94 0.9 0.9
0.94 0.94 0 0.94 0.94 0 0 0.94 0.94 0 0.94 0 0.94
0.9 0.9 0.94 0.9 0.9 0.94 0.94 0.9 0.9 0.94 0.9 0.94 0.9
0.9 0.9 0.94 0.9 0.9 0.94 0.94 0.9 0.9 0.94 0.9 0.94 0.9
0.92 0.92 0.92 0.92 0 0.92 0 0.92 0.92 0.92 0.92 0.92 0
0.94 0.94 0.9 0.94 0.94 0.9 0.9 0.94 0.94 0.9 0.94 0.9 0.94
0.94 0.94 0.94 0.94 0 0 0 0.94 0.94 0 0.94 0.94 0
0.94 0.94 0 0.94 0.94 0 0 0.94 0.94 0 0.94 0 0.94
0.92 0.92 0.94 0.92 0.92 0.94 0.94 0.92 0.92 0.94 0.92 0.94 0.92
0.88 0.88 0.94 0.88 0.88 0.94 0.94 0.88 0.88 0.94 0.88 0.94 0.88
0.92 0.92 0.94 0.92 0.92 0.94 0.94 0.92 0.92 0.94 0.92 0.94 0.92
0.94 0.94 0.94 0 0 0.94 0 0.94 0 0.94 0.94 0.94 0
0.94 0.94 0.94 0.92 0.92 0.94 0.92 0.94 0.92 0.94 0.92 0.94 0.92
0.94 0 0.94 0 0.94 0.94 0.94 0.94 0.94 0.94 0 0.94 0.94
0.94 0.94 0 0.94 0.94 0 0 0.94 0.94 0 0.94 0 0.94
0 0.94 0 0.94 0.94 0 0 0 0.94 0 0.94 0 0
0.94 0.94 0.92 0.92 0.94 0.94 0.94 0.92 0.94 0.94 0.94 0.94 0.94
0.94 0.94 0 0.94 0.94 0 0 0.94 0.94 0 0.94 0 0.94
0.92 0.92 0.94 0.92 0.92 0.94 0.94 0.92 0.92 0.94 0.92 0.94 0.92
0 0 0.94 0 0 0.94 0.94 0 0 0.94 0 0.94 0
0 0.94 0 0.94 0 0 0 0 0.94 0 0.94 0 0
0.92 0.92 0.94 0.92 0.92 0.94 0.94 0.92 0.92 0.94 0.92 0.94 0.92
0 0.94 0 0.94 0 0 0 0 0.94 0 0.94 0 0
0.94 0.94 0.94 0.94 0 0.94 0.94 0.94 0.94 0.94 0.94 0.94 0.94
0.94 0 0.94 0.94 0.94 0.94 0.94 0.94 0.94 0.94 0.94 0.94 0.94
0 0.94 0 0.94 0.94 0 0.94 0 0.94 0 0.94 0 0.94
0 0.94 0.94 0 0 0 0 0.94 0 0 0 0.94 0
0.94 0.94 0 0.94 0.94 0 0 0.94 0.94 0 0.94 0 0.94
0.94 0 0.94 0 0 0.94 0 0.94 0 0.94 0 0.94 0
0.92 0.92 0 0.92 0.92 0 0 0.92 0.92 0 0.92 0 0.92
0.94 0.94 0.94 0.94 0.94 0.92 0.94 0.94 0.94 0.92 0.94 0.94 0.94
0.92 0.92 0.94 0.92 0.92 0.94 0.94 0.92 0.92 0.94 0.92 0.94 0.92
0.88 0.88 0.94 0.88 0.88 0.94 0.94 0.88 0.88 0.94 0.88 0.94 0.88
0.94 0.94 0.94 0 0 0.94 0 0.94 0 0.94 0 0.94 0
0.94 0.94 0.94 0 0 0.94 0 0.94 0 0.94 0.94 0.94 0
0.92 0.92 0.94 0.92 0.92 0.94 0.94 0.92 0.92 0.94 0.92 0.94 0.92
0 0 0.94 0 0 0.94 0.94 0 0 0.94 0 0.94 0
0.94 0 0.94 0 0.94 0 0.94 0.94 0.94 0.94 0 0.94 0.94
0.94 0.94 0 0.94 0.94 0 0 0.94 0.94 0 0.94 0 0.94
0.94 0.94 0 0.94 0.94 0 0 0.94 0.94 0 0.94 0 0.94
0.92 0.92 0.94 0.92 0.92 0.94 0.94 0.92 0.92 0.94 0.92 0.94 0.92
0.88 0.88 0.94 0.88 0.88 0.94 0.94 0.88 0.88 0.94 0.88 0.94 0.88
0.92 0.92 0.94 0.92 0.92 0.94 0.94 0.92 0.92 0.94 0.92 0.94 0.92
0.94 0.94 0 0.94 0.94 0 0 0.94 0.94 0 0.94 0 0.94
0.94 0.94 0 0.94 0.94 0 0 0.94 0.94 0 0.94 0 0.94
0.92 0.92 0.94 0.92 0.92 0.94 0.94 0.92 0.92 0.94 0.92 0.94 0.92
0 0 0.94 0 0 0.94 0.94 0 0 0.94 0 0.94 0
0.92 0.92 0.94 0.92 0.92 0.94 0.94 0.92 0.92 0.94 0.92 0.94 0.92
0.92 0.92 0.94 0.92 0.92 0.94 0.94 0.92 0.92 0.94 0.92 0.94 0.92
0.94 0.94 0 0.94 0.94 0 0 0.94 0.94 0 0.94 0 0.94
0.94 0.94 0 0.94 0.94 0 0 0.94 0.94 0 0.94 0 0.94
0.92 0.92 0.94 0.92 0.92 0.94 0.94 0.92 0.92 0.94 0.92 0.94 0.92
0 0.88 0.94 0.88 0.88 0.94 0.94 0 0.88 0.94 0.88 0.94 0
0.92 0.92 0.94 0.92 0.92 0.94 0.94 0.92 0.92 0.94 0.92 0.94 0.92
0.94 0.94 0 0.94 0.94 0 0 0 0.94 0 0.94 0 0.94
0.94 0.94 0 0.94 0.94 0 0 0.94 0.94 0 0.94 0 0.94
0.92 0.92 0.94 0.92 0.92 0.94 0.94 0.92 0.92 0.94 0.92 0.94 0.92
0 0 0.94 0 0.88 0.94 0.94 0 0 0.94 0 0.94 0
0.92 0.92 0.94 0.92 0.92 0.94 0.94 0.92 0.92 0.94 0.92 0.94 0.92
0.94 0.94 0.94 0.94 0 0.94 0.94 0.94 0.94 0.94 0.94 0.94 0.94
0.94 0.94 0 0.94 0.94 0 0 0.94 0.94 0 0.94 0 0.94
0.94 0.94 0 0.94 0.94 0 0 0.94 0.94 0 0.94 0 0.94
0.94 0 0.94 0 0.94 0.94 0.94 0.94 0.94 0.94 0 0.94 0.94
0.92 0.92 0.94 0.92 0.92 0.94 0.94 0.92 0.92 0.94 0.92 0.94 0.92
0.88 0.88 0.94 0.88 0.88 0.94 0.94 0.88 0.88 0.94 0.88 0.94 0.88
0.92 0.92 0.94 0.92 0.92 0.94 0.94 0.92 0.92 0.94 0.92 0.94 0.92
0 0.94 0.94 0.94 0 0 0 0.94 0 0 0.94 0 0
0 0.94 0.94 0.94 0 0 0 0.94 0 0 0.94 0 0
0.94 0.88 0.88 0.88 0.88 0.94 0.94 0.88 0.88 0.94 0.88 0.94 0.94
0.94 0.94 0.94 0.94 0.92 0.94 0.94 0.94 0.94 0.94 0.94 0.94 0.94
0 0.94 0.94 0.94 0 0 0 0.94 0 0 0.94 0 0
0.94 0.94 0.94 0.94 0.9 0.94 0.94 0.94 0.9 0.94 0.94 0.94 0.9
0.94 0.94 0.94 0.94 0 0.94 0.94 0.94 0.94 0.94 0.94 0.94 0
0.94 0.94 0 0.94 0.94 0 0 0.94 0.94 0 0.94 0 0.94
0 0 0 0 0.92 0 0 0 0 0 0 0 0
0 0 0.94 0 0 0.94 0.94 0 0 0.94 0 0.94 0
0.94 0.94 0.94 0.94 0 0 0 0.94 0.94 0 0.94 0.94 0
0.88 0.88 0.94 0.88 0.88 0.94 0.94 0.88 0.88 0.94 0.88 0.94 0.88
0.92 0.92 0.94 0.92 0.92 0.94 0.94 0.92 0.92 0.94 0.92 0.94 0.92
0.94 0.94 0.94 0.9 0.9 0.94 0.9 0.94 0.9 0.94 0.94 0.94 0.9
0.94 0.94 0.94 0 0 0.94 0 0.94 0 0.94 0.94 0.94 0
0 0.94 0.94 0 0 0.94 0 0.94 0 0 0 0.94 0
0.92 0.92 0.94 0.92 0.92 0.94 0.92 0.92 0.92 0.92 0.92 0.94 0.92
0.94 0.94 0 0.94 0.94 0 0 0 0.94 0 0.94 0 0.94
0.94 0.94 0.92 0.94 0.94 0.92 0.94 0.94 0.94 0.94 0.94 0.92 0.94
0.94 0.94 0.94 0.94 0.92 0.92 0.92 0.94 0.94 0.92 0.94 0.94 0.92
0.92 0.92 0.92 0.92 0.92 0 0 0.92 0.92 0 0.92 0.92 0.92
0.94 0.94 0 0.94 0.94 0 0 0.94 0.94 0 0.94 0 0.94
0.92 0.92 0.94 0.92 0.92 0.94 0.94 0.92 0.92 0.94 0.92 0.94 0.92
0 0 0.94 0 0 0.94 0.94 0 0 0.94 0 0.94 0
0.92 0.92 0.94 0.92 0.92 0.94 0.94 0.92 0.92 0.94 0.92 0.94 0.92
0.94 0.92 0.94 0.92 0.92 0.94 0.94 0.94 0.92 0.94 0.92 0.94 0.94
0.94 0.94 0 0.94 0.94 0 0 0.94 0.94 0 0.94 0 0.94
0.94 0.94 0.94 0.94 0 0 0 0.94 0.94 0 0.94 0.94 0
0.92 0.92 0.94 0.92 0.92 0.94 0.94 0.92 0.92 0.94 0.92 0.94 0.92
0.94 0.94 0.94 0.94 0 0 0 0.94 0.94 0 0.94 0.94 0
0.88 0.88 0.94 0.88 0.88 0.94 0.94 0.88 0.88 0.94 0.88 0.94 0.88
0.94 0.94 0.94 0.94 0 0 0 0.94 0.94 0 0.94 0.94 0
0.94 0.94 0.94 0.94 0 0 0 0.94 0.94 0 0.94 0.94 0
0.94 0 0 0 0.94 0.94 0.94 0 0.94 0.94 0 0.94 0.94
0.94 0.92 0.94 0.94 0.94 0.94 0.94 0.94 0.94 0.94 0.94 0.94 0.94
0.92 0.92 0.94 0.92 0.92 0.94 0.94 0.92 0.92 0.94 0.92 0.94 0.92
0.94 0.94 0.94 0.94 0 0 0 0.94 0.94 0 0.94 0.94 0
0.94 0.94 0.94 0.94 0 0 0 0.94 0.94 0 0.94 0.94 0
0.94 0.94 0.94 0.94 0 0 0 0.94 0.94 0 0.94 0.94 0
0.94 0.94 0.94 0.94 0 0 0 0.94 0.94 0 0.94 0.94 0
0.94 0.94 0.94 0.94 0 0 0 0.94 0.94 0 0.94 0.94 0
0.94 0.94 0.94 0.94 0 0 0 0.94 0.94 0 0.94 0.94 0
0.92 0.94 0.94 0.94 0.9 0 0.9 0.94 0.92 0.9 0.94 0.92 0.9
0.92 0.94 0.92 0.94 0.94 0.92 0.92 0.92 0.94 0.92 0.94 0.92 0.92
0.94 0.94 0.94 0.94 0 0 0 0.94 0.94 0 0.94 0.94 0
0 0.94 0.94 0 0 0.94 0 0.94 0 0 0.94 0.94 0
0 0.94 0.94 0 0 0.94 0 0.94 0 0 0 0.94 0
0.94 0.94 0.94 0 0 0.94 0 0.94 0 0.94 0.94 0.94 0
0.94 0.94 0.94 0 0 0.94 0 0.94 0 0.94 0.94 0.94 0
0.94 0.94 0.94 0 0 0.94 0 0.94 0 0.94 0.94 0.94 0
0.94 0.94 0.94 0 0 0.94 0 0.94 0 0.94 0.94 0.94 0
0 0.94 0.94 0 0 0.94 0 0.94 0 0 0 0.94 0
0.94 0.94 0.94 0 0 0.94 0 0.94 0 0.94 0.94 0.94 0
0.94 0.94 0.94 0 0 0.94 0 0.94 0 0.94 0.94 0.94 0
0.94 0.94 0.94 0 0 0.94 0 0.94 0 0.94 0.94 0.94 0
0.94 0.94 0.94 0 0 0.94 0 0.94 0 0.94 0.94 0.94 0
0.94 0.94 0.94 0 0 0.94 0 0.94 0 0.94 0.94 0.94 0
0.94 0.94 0.94 0 0 0.94 0 0.94 0 0.94 0.94 0.94 0
0.94 0.94 0.94 0 0 0.94 0 0.94 0 0.94 0.94 0.94 0
0.94 0.94 0.94 0 0 0.94 0 0.94 0 0.94 0.94 0.94 0
0.94 0.94 0.94 0 0 0.94 0 0.94 0 0.94 0.94 0.94 0
0.94 0.94 0.94 0 0 0.94 0 0.94 0 0.94 0.94 0.94 0
0.92 0.94 0.92 0.94 0.94 0.92 0.94 0.92 0.94 0.92 0.94 0.92 0.94
0.94 0.94 0 0.94 0.94 0 0 0.94 0.94 0 0.94 0 0.94
0.94 0.94 0 0.94 0.94 0 0 0.94 0.94 0 0.94 0 0.94
0 0.92 0 0.92 0.92 0 0 0 0.92 0 0.92 0 0
0.94 0.94 0.92 0.94 0.94 0.94 0.94 0.94 0.94 0.94 0.94 0.94 0.94
0 0.92 0.92 0.92 0.92 0 0 0.92 0.92 0 0.92 0 0
0.92 0.92 0.94 0.92 0.92 0.94 0.94 0.92 0.92 0.94 0.92 0.94 0.92
0.88 0.88 0.94 0.88 0.88 0.94 0.94 0.88 0.88 0.94 0.88 0.94 0.88
0.94 0.94 0.94 0.9 0.94 0.94 0.94 0.94 0.94 0.94 0.94 0.94 0.94
0.92 0.92 0.94 0.92 0.92 0.94 0.94 0.92 0.92 0.94 0.92 0.94 0.92
0.94 0.94 0.94 0 0.94 0.94 0 0.94 0.94 0.94 0.94 0.94 0.94
0 0 0.92 0 0 0.92 0.92 0 0 0.92 0 0.92 0
0 0 0.94 0 0 0.94 0.94 0 0 0.94 0 0.94 0
0.94 0.94 0 0.94 0.94 0 0 0.94 0.94 0 0.94 0 0.94
0.94 0 0.94 0 0.94 0.94 0.94 0.94 0.94 0.94 0 0.94 0.94
0.92 0.92 0.92 0.92 0.94 0.94 0.94 0.92 0.92 0.94 0.92 0.92 0.94
0 0 0 0 0.94 0.94 0.94 0 0 0.94 0 0 0.94
0.92 0.92 0.92 0.92 0.94 0.94 0.94 0.92 0.92 0.94 0.92 0.92 0.94
0.94 0.94 0 0.94 0.94 0 0 0 0.94 0 0.94 0 0.94
0 0 0 0 0.94 0.94 0.94 0 0 0.94 0 0 0.94
0.92 0.92 0.94 0.92 0.92 0.94 0.94 0.92 0.92 0.94 0.92 0.94 0.92
0.92 0.92 0.92 0.92 0.94 0.94 0.94 0.92 0.92 0.94 0.92 0.92 0.94
0.94 0.94 0 0.94 0.94 0.94 0.94 0.94 0.94 0.94 0.94 0.94 0.94
0 0 0 0 0.94 0.94 0.94 0 0 0.94 0 0 0.94
0.94 0.92 0.92 0.94 0.94 0.92 0.94 0.92 0.94 0.94 0.94 0.92 0.94
0.92 0.92 0.92 0.92 0.94 0.94 0.94 0.92 0.92 0.94 0.92 0.92 0.94
0.9 0.9 0.9 0.94 0.94 0.9 0.94 0.9 0.94 0.9 0.9 0.9 0.94
0.92 0.92 0.92 0.94 0.94 0.92 0.94 0.92 0.94 0.92 0.92 0.92 0.94
0.9 0.9 0.9 0.9 0.94 0.9 0.94 0.9 0.9 0.9 0.9 0.9 0.94
0.92 0.92 0.92 0.92 0.94 0.94 0.94 0.92 0.92 0.94 0.92 0.92 0.94
0 0 0 0 0.94 0.94 0.94 0 0 0.94 0 0 0.94
0.92 0.92 0.92 0.92 0.94 0.94 0.94 0.92 0.92 0.94 0.92 0.92 0.94
0.88 0.88 0.88 0.88 0.94 0.94 0.94 0.88 0.88 0.94 0.88 0.88 0.94
0.92 0.92 0.92 0.92 0.94 0.94 0.94 0.92 0.92 0.94 0.92 0.92 0.94
0.88 0.88 0.88 0.88 0.94 0.94 0.94 0.88 0.88 0.94 0.88 0.88 0.94
0.92 0.92 0.92 0.92 0.94 0.94 0.94 0.92 0.92 0.94 0.92 0.92 0.94
0.88 0.88 0.88 0.88 0.94 0.94 0.94 0.88 0.88 0.94 0.88 0.88 0.94
0.92 0.92 0.92 0.92 0.94 0.94 0.94 0.92 0.92 0.94 0.92 0.92 0.94
0.88 0.88 0.88 0.88 0.94 0.94 0.94 0.88 0.88 0.94 0.88 0.88 0.94
0 0 0 0.94 0.94 0 0.94 0 0.94 0 0 0 0.94
0.92 0.92 0.92 0.94 0.94 0.92 0.94 0.92 0.94 0.92 0.92 0.92 0.94
0 0 0 0.94 0.94 0 0.94 0 0.94 0 0 0 0.94
0.92 0.92 0.92 0.94 0.94 0.92 0.94 0.92 0.94 0.92 0.92 0.92 0.94
0.92 0.92 0.92 0.94 0.94 0.92 0.94 0.92 0.94 0.92 0.92 0.92 0.94
0.92 0.92 0.92 0.94 0.94 0.92 0.94 0.92 0.94 0.92 0.92 0.92 0.94
0 0 0 0.94 0.94 0 0.94 0 0.94 0 0 0 0.94
0.92 0.92 0.92 0.94 0.94 0.92 0.94 0.92 0.94 0.92 0.92 0.92 0.94
0.92 0.92 0.92 0.94 0.94 0.92 0.94 0.92 0.94 0.92 0.92 0.92 0.94
0.92 0.92 0.92 0.94 0.94 0.92 0.94 0.92 0.94 0.92 0.92 0.92 0.94
0.86 0.86 0.86 0.88 0.94 0.92 0.94 0.86 0.88 0.92 0.86 0.86 0.94
0.92 0.92 0.92 0.94 0.94 0.92 0.94 0.92 0.94 0.92 0.92 0.92 0.94
0.92 0.92 0.92 0.94 0.94 0.92 0.94 0.92 0.94 0.92 0.92 0.92 0.94
0.92 0.92 0.92 0.94 0.94 0.92 0.94 0.92 0.94 0.92 0.92 0.92 0.94
0.92 0.92 0.92 0.94 0.94 0.92 0.94 0.92 0.94 0.92 0.92 0.92 0.94
0 0 0 0.94 0.94 0 0.94 0 0.94 0 0 0 0.94
0.92 0.92 0.92 0.94 0.94 0.92 0.94 0.92 0.94 0.92 0.92 0.92 0.94
0 0 0 0 0 0 0.94 0 0 0.94 0 0 0
0 0 0 0 0.94 0.94 0.94 0 0 0.94 0 0 0.94
0.94 0 0.94 0 0.94 0.94 0.94 0.94 0.94 0.94 0 0.94 0.94
0 0 0 0 0.94 0.94 0.94 0 0 0.94 0 0 0.94
0 0 0 0 0.94 0.94 0.94 0 0 0.94 0 0 0.94
0.88 0.88 0.88 0.88 0.94 0.94 0.94 0.88 0.88 0.94 0.88 0.88 0.94
0.94 0.94 0 0.94 0.94 0 0 0 0.94 0 0.94 0 0.92
0 0 0 0 0.94 0.94 0.94 0 0 0.94 0 0 0.94
0 0 0 0 0.94 0.94 0.94 0 0 0.94 0 0 0.94
0.88 0.88 0.88 0.88 0.94 0.94 0.94 0.88 0.88 0.94 0.88 0.88 0.94
0 0 0 0 0.94 0.94 0.94 0 0 0.94 0 0 0.94
0.88 0.88 0.88 0.88 0.94 0.94 0.94 0.88 0.88 0.94 0.88 0.88 0.94
0 0 0.88 0 0.94 0.94 0.94 0 0 0.94 0 0.88 0.94
0 0 0.88 0 0.94 0.94 0.94 0 0 0.94 0 0 0.94
0 0 0 0.94 0.94 0 0.94 0 0.94 0 0 0 0.94
0.88 0.88 0.88 0.94 0.94 0.88 0.94 0.88 0.94 0.88 0.88 0.88 0.94
0 0 0 0.94 0.94 0 0.94 0 0.94 0 0 0 0.94
0.88 0.88 0.88 0.94 0.94 0.88 0.94 0.88 0.94 0.88 0.88 0.88 0.94
0 0.88 0.88 0.94 0.94 0 0.94 0.88 0.94 0 0.88 0.88 0.94
0 0 0 0.94 0.94 0 0.94 0 0.94 0 0 0 0.94
0.94 0.94 0.94 0.94 0.94 0 0.94 0.94 0.94 0.94 0.94 0.94 0.94
0.92 0.92 0.94 0.92 0.92 0.94 0.94 0.92 0.92 0.94 0.92 0.94 0.92
0.94 0.94 0.94 0 0.94 0.94 0.94 0.94 0.94 0.94 0 0.94 0.94
0.94 0.94 0 0.94 0.94 0 0 0.94 0.94 0 0.94 0 0.94
0 0 0 0 0.94 0.94 0.94 0 0 0.94 0 0 0.94
0.94 0.94 0 0.94 0.94 0.94 0.94 0.94 0.94 0.94 0.94 0.94 0.94
0.92 0.92 0.92 0.92 0.94 0.94 0.94 0.92 0.92 0.94 0.92 0.92 0.94
0.94 0.94 0.94 0.94 0 0.94 0.94 0.94 0.94 0.94 0.94 0.94 0.94
0.92 0.92 0.92 0.92 0.94 0.94 0.94 0.92 0.92 0.94 0.92 0.92 0.94
0.92 0.92 0.92 0.92 0.94 0.94 0.94 0.92 0.92 0.94 0.92 0.92 0.94
0.92 0.92 0.92 0.92 0.94 0.94 0.94 0.92 0.92 0.94 0.92 0.92 0.94
0.92 0.92 0.92 0.92 0.94 0.94 0.94 0.92 0.92 0.94 0.92 0.92 0.94
0.92 0.92 0.92 0.92 0.94 0.94 0.94 0.92 0.92 0.94 0.92 0.92 0.94
0.92 0.92 0.92 0.92 0.94 0.94 0.94 0.92 0.92 0.94 0.92 0.92 0.94
0 0.94 0.94 0 0 0.94 0 0.94 0 0 0 0.94 0
0.92 0.92 0.94 0.92 0.92 0.94 0.94 0.92 0.92 0.94 0.92 0.94 0.92
0 0 0 0 0.94 0.94 0.94 0 0 0.94 0 0 0.94
0.92 0.92 0.92 0.92 0.94 0.94 0.94 0.92 0.92 0.94 0.92 0.92 0.94
0.92 0.92 0.92 0.92 0.94 0.94 0.94 0.92 0.92 0.94 0.92 0.92 0.94
0.92 0.92 0.92 0.92 0.94 0.94 0.94 0.92 0.92 0.94 0.92 0.92 0.94
0.94 0.94 0 0.94 0.94 0 0 0.94 0.94 0 0.94 0 0.94
0.94 0.94 0 0.94 0.94 0.94 0.94 0.94 0.94 0.94 0.94 0.94 0.94
0 0 0 0 0.94 0.94 0.94 0 0 0.94 0 0 0.94
0.92 0.92 0.92 0.92 0.94 0.94 0.94 0.92 0.92 0.94 0.92 0.92 0.94
0.92 0.92 0.92 0.94 0.94 0.92 0.94 0.92 0.94 0.92 0.92 0.92 0.94
0.92 0.92 0.92 0.92 0.94 0.94 0.94 0.92 0.92 0.94 0.92 0.92 0.94
0.92 0.92 0.92 0.92 0.94 0.92 0.94 0.92 0.92 0.92 0.92 0.92 0.94
0.92 0.92 0.92 0.92 0.94 0.94 0.94 0.92 0.92 0.94 0.92 0.92 0.94
0.92 0.92 0.92 0.92 0.94 0.94 0.94 0.92 0.92 0.94 0.92 0.92 0.94
0.92 0.92 0.92 0.92 0.94 0.94 0.94 0.92 0.92 0.94 0.92 0.92 0.94
0.92 0.92 0.92 0.92 0.94 0.94 0.94 0.92 0.92 0.94 0.92 0.92 0.94
0.92 0.92 0.92 0.92 0.94 0.94 0.94 0.92 0.92 0.94 0.92 0.92 0.94
0.92 0.92 0.92 0.92 0.94 0.94 0.94 0.92 0.92 0.94 0.92 0.92 0.94
0.94 0.94 0.92 0.92 0.94 0.94 0.94 0.94 0.94 0.94 0.94 0.94 0.94
0 0.92 0 0.92 0 0 0 0 0.92 0 0.92 0 0
0.92 0.92 0.92 0.94 0.94 0.92 0.94 0.92 0.94 0.92 0.92 0.92 0.94
0.92 0.92 0.92 0.94 0.94 0.92 0.94 0.92 0.94 0.92 0.92 0.92 0.94
0.92 0.92 0.92 0.94 0.94 0.92 0.94 0.92 0.94 0.92 0.92 0.92 0.94
0.94 0.94 0.92 0.92 0.94 0.94 0.94 0.92 0.94 0.94 0.94 0.94 0.94
0.94 0.94 0.94 0.92 0.92 0.94 0.94 0.94 0.92 0.94 0.94 0.94 0.94
0.94 0.94 0 0.94 0.94 0 0 0.94 0.94 0 0.94 0 0.94
0.94 0 0 0 0.94 0.94 0.94 0 0.94 0.94 0 0 0.94
0.94 0.94 0 0.94 0.94 0 0.94 0.94 0.94 0.94 0.94 0 0.94
0 0 0.94 0 0 0.94 0.94 0 0 0.94 0 0.94 0
0.92 0.92 0.92 0.92 0.92 0.94 0.92 0.92 0.92 0.94 0.92 0.92 0.92
0.94 0.94 0.92 0.94 0.94 0.92 0.92 0.94 0.94 0.92 0.94 0.92 0.94
0.94 0.94 0 0.94 0.94 0 0 0.94 0.94 0 0.94 0 0.94
0.94 0.04 0.04 0.94 0.94 0.94 0.94 0.04 0.94 0.94 0.04 0.94 0.94
0.94 0.92 0.94 0.92 0.92 0.94 0.94 0.94 0.92 0.94 0.92 0.94 0.92
0 0 0 0 0 0.94 0 0 0 0 0 0 0
0.92 0.92 0.92 0.94 0.94 0.92 0.94 0.92 0.94 0.92 0.92 0.92 0.94
0 0.92 0 0.92 0.92 0 0 0 0.92 0 0.92 0 0
0.92 0.94 0.92 0.94 0.94 0.92 0.92 0.92 0.94 0.92 0.94 0.92 0.92
0.94 0.92 0.94 0.92 0.94 0.94 0.94 0.94 0.94 0.94 0.92 0.94 0.94
0.94 0.94 0 0.94 0.94 0 0 0.94 0.94 0 0.94 0 0.94
0.94 0.92 0.94 0.92 0.94 0.94 0.94 0.94 0.94 0.94 0.92 0.94 0.94
0.94 0 0.94 0 0 0.94 0.94 0 0 0.94 0 0.94 0.94
0.94 0.94 0 0.94 0.94 0 0 0.94 0.94 0 0.94 0 0.94
0.92 0.92 0.92 0.92 0.92 0.92 0.94 0.92 0.92 0.94 0.92 0.92 0.92
0 0 0 0 0.94 0 0 0 0.94 0 0 0 0
0.94 0.94 0.94 0 0 0.94 0.94 0.94 0 0.94 0 0.94 0.94
0.94 0.94 0.94 0 0 0.94 0.94 0.94 0 0.94 0 0.94 0.94
0.94 0.94 0.94 0.9 0.9 0.94 0.94 0.94 0.9 0.94 0.9 0.94 0.94
0.94 0.94 0.94 0 0.94 0.94 0.94 0.94 0.94 0.94 0.94 0.94 0.94
0.92 0.94 0.94 0.94 0.92 0.92 0.92 0.94 0.92 0.92 0.94 0.92 0.92
0.94 0.94 0.92 0.94 0.94 0.92 0.92 0.94 0.94 0.92 0.94 0.92 0.94
0.94 0.94 0.94 0.94 0 0 0 0.94 0.94 0 0.94 0 0
0.94 0.94 0 0.94 0.94 0 0 0.94 0.94 0 0.94 0 0.94
0.94 0.94 0.94 0 0 0.94 0.92 0.94 0 0.94 0.94 0.94 0.92
0.94 0 0 0 0.94 0 0.94 0 0.94 0.94 0 0 0.94
0.94 0.94 0.94 0.94 0 0 0 0.94 0.94 0 0.94 0 0
0.94 0.94 0 0.94 0.94 0 0 0.94 0.94 0 0.94 0 0.94
0.94 0 0 0.94 0.94 0.94 0.94 0 0.94 0.94 0.94 0.94 0.94
0.94 0.94 0.94 0.94 0.92 0.92 0.92 0.94 0.94 0.92 0.94 0.92 0.92
0.94 0 0.94 0 0.94 0.94 0.94 0.94 0.94 0.94 0 0.94 0.94
0.92 0.94 0.94 0.92 0.92 0.94 0.92 0.94 0.92 0.92 0.92 0.94 0.92
0 0.94 0 0.92 0.92 0 0 0 0.92 0 0.92 0 0.92
0 0.94 0 0.94 0.94 0 0 0 0.94 0 0.94 0 0
0.94 0.94 0.94 0.92 0.92 0.94 0.92 0.94 0.92 0.94 0.94 0.94 0.92
0.94 0.92 0.92 0.92 0.94 0.94 0.94 0.92 0.92 0.94 0.92 0.92 0.94
0 0.94 0 0.94 0.94 0 0 0 0.94 0 0.94 0 0.94
0.94 0 0.94 0.94 0.94 0.94 0.94 0.94 0.94 0.94 0.94 0.94 0.94
0 0 0.94 0 0.94 0.94 0.94 0 0 0.94 0 0.94 0.94
0 0 0 0.94 0.94 0 0.94 0 0.94 0 0 0 0.94
0 0 0 0.94 0.94 0 0.94 0 0.94 0 0 0 0.94
0 0 0.94 0 0 0.94 0.94 0 0 0.94 0 0.94 0
0.92 0.92 0.92 0.92 0.92 0.94 0.92 0.92 0.92 0.94 0.92 0.92 0.92
0 0.92 0.92 0.92 0 0 0 0.92 0 0 0.92 0 0
0.94 0.92 0.94 0.92 0.94 0.94 0.94 0.94 0.94 0.94 0.92 0.94 0.94
0.94 0.92 0.92 0.94 0.94 0.92 0.94 0.92 0.94 0.92 0.94 0.92 0.94
0 0.94 0.94 0.94 0 0.94 0 0.94 0 0 0.94 0.94 0
0.94 0.94 0.92 0.92 0.94 0.92 0.94 0.94 0.94 0.92 0.94 0.92 0.94
0.94 0.94 0 0.94 0.94 0 0 0.94 0.94 0 0.94 0 0.94
0 0.94 0.94 0.94 0 0 0 0.94 0 0 0.94 0 0
0.9 0.94 0.94 0.9 0.9 0.94 0.9 0.94 0.9 0.9 0.9 0.94 0.9
0.94 0.94 0 0.94 0.94 0 0 0 0.94 0 0.94 0 0.94
0.9 0.94 0.94 0.94 0.9 0.94 0.9 0.94 0.9 0.9 0.94 0.94 0.9
0.94 0.94 0.94 0.94 0 0 0 0.94 0.94 0 0.94 0.94 0
0.94 0.94 0.94 0.94 0.92 0.92 0.92 0.94 0.94 0.92 0.94 0.94 0.92
0.94 0.94 0.94 0.94 0 0 0 0.94 0.94 0 0.94 0.94 0
0.94 0.94 0.94 0.94 0 0 0 0.94 0.94 0 0.94 0.94 0
0.94 0.94 0.94 0.94 0 0 0 0.94 0.94 0 0.94 0.94 0
0 0.94 0.94 0.94 0 0 0 0.94 0 0 0.94 0.94 0
0.94 0.94 0.94 0.94 0 0 0 0.94 0.94 0 0.94 0.94 0
0.94 0.94 0.94 0.94 0 0 0 0.94 0.94 0 0.94 0.94 0
0.94 0.94 0.94 0.94 0 0 0 0.94 0.94 0 0.94 0.94 0
0.94 0.94 0.94 0.94 0 0 0 0.94 0.94 0 0.94 0.94 0
0.94 0.94 0.94 0.94 0 0 0 0.94 0.94 0 0.94 0.94 0
0.94 0.94 0.94 0.94 0 0 0 0.94 0.94 0 0.94 0.94 0
0.94 0.94 0.94 0.94 0 0 0 0.94 0.94 0 0.94 0.94 0
0.94 0.94 0.94 0 0 0.94 0 0.94 0 0.94 0.94 0.94 0
0.94 0.94 0.94 0.94 0.94 0 0 0.94 0.94 0 0.94 0.94 0.94
0.94 0.92 0.94 0.94 0.94 0.94 0.94 0.94 0.94 0.94 0.94 0.94 0.94
0.94 0 0.94 0 0.94 0.94 0.94 0.94 0.94 0.94 0 0.94 0.94
0.94 0.92 0.94 0.92 0.94 0.94 0.94 0.94 0.94 0.94 0.92 0.94 0.94
0.94 0 0 0.94 0.94 0.94 0.94 0 0.94 0.94 0.94 0.94 0.94
